-0.2395	-0.044674	-0.019078
-0.23926	-0.11762	0.014975
-0.23901	-0.03314	0.016055
-0.23877	0.034262	0.0067397
-0.23853	0.095326	0.011329
-0.23828	0.048495	0.001357
-0.23804	-0.00036148	0.0081181
-0.23779	-0.10752	-0.0015235
-0.23755	-0.15253	0.010808
-0.2373	-0.14491	0.00294
-0.23706	-0.077079	0.021286
-0.23682	0.058419	0.013773
-0.23657	0.1412	0.033631
-0.23633	0.2019	0.025991
-0.23608	0.14604	0.047222
-0.23584	0.043743	0.039848
-0.2356	-0.060328	0.062468
-0.23535	-0.13924	0.053992
-0.23511	-0.080865	0.077585
-0.23486	0.0056841	0.067375
-0.23462	0.17897	0.089887
-0.23438	0.28453	0.077756
-0.23413	0.30771	0.098971
-0.23389	0.24431	0.084288
-0.23364	0.075309	0.10374
-0.2334	-0.02525	0.087971
-0.23315	-0.10295	0.10294
-0.23291	-0.0094548	0.085689
-0.23267	0.15485	0.09765
-0.23242	0.32482	0.078824
-0.23218	0.45944	0.088097
-0.23193	0.41963	0.069596
-0.23169	0.32623	0.074952
-0.23145	0.12116	0.057088
-0.2312	-0.013647	0.05966
-0.23096	-0.03162	0.043153
-0.23071	0.052592	0.043546
-0.23047	0.28652	0.030605
-0.23022	0.43833	0.028135
-0.22998	0.5603	0.019205
-0.22974	0.49616	0.01456
-0.22949	0.33169	0.0096652
-0.22925	0.14835	0.0048043
-0.229	-0.015409	0.0047969
-0.22876	0.034867	-0.0023039
-0.22852	0.1588	0.0035021
-0.22827	0.38737	-0.0057171
-0.22803	0.56341	0.0042157
-0.22778	0.58806	-0.0056141
-0.22754	0.51813	0.0089082
-0.22729	0.26946	-0.0030767
-0.22705	0.10706	0.015799
-0.22681	-0.020842	0.00070691
-0.22656	0.039659	0.021617
-0.22632	0.23521	0.004882
-0.22607	0.4075	0.027717
-0.22583	0.57304	0.0080913
-0.22559	0.52025	0.033035
-0.22534	0.39963	0.0090301
-0.2251	0.17124	0.034178
-0.22485	-0.016848	0.0080669
-0.22461	-0.020851	0.032015
-0.22437	0.038338	0.0036908
-0.22412	0.26132	0.028255
-0.22388	0.40644	-0.003505
-0.22363	0.48208	0.01959
-0.22339	0.41688	-0.012371
-0.22314	0.19935	0.0083994
-0.2229	0.048695	-0.02366
-0.22266	-0.11434	-0.0029796
-0.22241	-0.068568	-0.034877
-0.22217	0.053195	-0.015437
-0.22192	0.20842	-0.045168
-0.22168	0.34679	-0.027924
-0.22144	0.30861	-0.054112
-0.22119	0.24104	-0.037599
-0.22095	0.037156	-0.060707
-0.2207	-0.089098	-0.044085
-0.22046	-0.11922	-0.064397
-0.22021	-0.087748	-0.049474
-0.21997	0.080008	-0.065306
-0.21973	0.15807	-0.051304
-0.21948	0.23676	-0.063865
-0.21924	0.15881	-0.04883
-0.21899	0.021641	-0.059776
-0.21875	-0.08303	-0.047805
-0.21851	-0.20756	-0.05434
-0.21826	-0.15128	-0.044627
-0.21802	-0.096835	-0.049152
-0.21777	0.018221	-0.04003
-0.21753	0.090125	-0.043182
-0.21729	0.050366	-0.039443
-0.21704	0.012869	-0.039202
-0.2168	-0.1364	-0.03884
-0.21655	-0.17576	-0.037438
-0.21631	-0.19623	-0.039324
-0.21606	-0.15603	-0.036145
-0.21582	-0.043527	-0.042177
-0.21558	-0.012875	-0.038589
-0.21533	0.035342	-0.046675
-0.21509	-0.043628	-0.041462
-0.21484	-0.1099	-0.051792
-0.2146	-0.17217	-0.047531
-0.21436	-0.22558	-0.057354
-0.21411	-0.15691	-0.054093
-0.21387	-0.13125	-0.06592
-0.21362	-0.048764	-0.060379
-0.21338	-0.037033	-0.071201
-0.21313	-0.066072	-0.067954
-0.21289	-0.097267	-0.07771
-0.21265	-0.18891	-0.07299
-0.2124	-0.17401	-0.08498
-0.21216	-0.18499	-0.079241
-0.21191	-0.13333	-0.089375
-0.21167	-0.072405	-0.08273
-0.21143	-0.073652	-0.093992
-0.21118	-0.045048	-0.085807
-0.21094	-0.11906	-0.09673
-0.21069	-0.1393	-0.087023
-0.21045	-0.17749	-0.098692
-0.21021	-0.19736	-0.087157
-0.20996	-0.13945	-0.097275
-0.20972	-0.13849	-0.087547
-0.20947	-0.075737	-0.0977
-0.20923	-0.088157	-0.086233
-0.20898	-0.10245	-0.096256
-0.20874	-0.12271	-0.087707
-0.2085	-0.18461	-0.09466
-0.20825	-0.15981	-0.087221
-0.20801	-0.17263	-0.095405
-0.20776	-0.12959	-0.089786
-0.20752	-0.099571	-0.094992
-0.20728	-0.097857	-0.091312
-0.20703	-0.077315	-0.097818
-0.20679	-0.13634	-0.093758
-0.20654	-0.13057	-0.098624
-0.2063	-0.16266	-0.09761
-0.20605	-0.16993	-0.10349
-0.20581	-0.1391	-0.099157
-0.20557	-0.14962	-0.10623
-0.20532	-0.099087	-0.10442
-0.20508	-0.12422	-0.11006
-0.20483	-0.10901	-0.10609
-0.20459	-0.12744	-0.116
-0.20435	-0.17117	-0.1118
-0.2041	-0.14603	-0.11801
-0.20386	-0.18458	-0.11576
-0.20361	-0.14455	-0.12405
-0.20337	-0.13473	-0.12036
-0.20312	-0.11771	-0.12616
-0.20288	-0.096841	-0.12663
-0.20264	-0.14498	-0.13001
-0.20239	-0.11814	-0.12877
-0.20215	-0.16151	-0.13174
-0.2019	-0.15713	-0.1341
-0.20166	-0.13189	-0.13288
-0.20142	-0.13611	-0.13414
-0.20117	-0.088608	-0.13502
-0.20093	-0.11239	-0.13596
-0.20068	-0.08918	-0.13374
-0.20044	-0.11374	-0.13556
-0.2002	-0.13384	-0.13661
-0.19995	-0.11261	-0.13507
-0.19971	-0.14464	-0.13614
-0.19946	-0.098671	-0.13671
-0.19922	-0.094264	-0.13903
-0.19897	-0.071173	-0.13617
-0.19873	-0.065162	-0.14027
-0.19849	-0.094083	-0.13958
-0.19824	-0.080616	-0.14134
-0.198	-0.13046	-0.13954
-0.19775	-0.10797	-0.14294
-0.19751	-0.094553	-0.14195
-0.19727	-0.083941	-0.1411
-0.19702	-0.039266	-0.14215
-0.19678	-0.062937	-0.14207
-0.19653	-0.04968	-0.14189
-0.19629	-0.086731	-0.1391
-0.19604	-0.097273	-0.14212
-0.1958	-0.089138	-0.13901
-0.19556	-0.10809	-0.13913
-0.19531	-0.055619	-0.13742
-0.19507	-0.058243	-0.13934
-0.19482	-0.044764	-0.13634
-0.19458	-0.039393	-0.13623
-0.19434	-0.066526	-0.13726
-0.19409	-0.062218	-0.13645
-0.19385	-0.098837	-0.13582
-0.1936	-0.077583	-0.13542
-0.19336	-0.068091	-0.1375
-0.19312	-0.062465	-0.13473
-0.19287	-0.027927	-0.13562
-0.19263	-0.051137	-0.13542
-0.19238	-0.040142	-0.13572
-0.19214	-0.061071	-0.13387
-0.19189	-0.068582	-0.13436
-0.19165	-0.066051	-0.13497
-0.19141	-0.083303	-0.13266
-0.19116	-0.054127	-0.13296
-0.19092	-0.068674	-0.13193
-0.19067	-0.063421	-0.1322
-0.19043	-0.06208	-0.12896
-0.19019	-0.079628	-0.1301
-0.18994	-0.070931	-0.12811
-0.1897	-0.09978	-0.127
-0.18945	-0.085724	-0.12475
-0.18921	-0.090757	-0.12438
-0.18896	-0.0972	-0.12251
-0.18872	-0.084358	-0.11954
-0.18848	-0.11239	-0.11869
-0.18823	-0.10591	-0.11636
-0.18799	-0.11549	-0.11464
-0.18774	-0.11579	-0.11164
-0.1875	-0.10192	-0.11134
-0.18726	-0.11336	-0.10888
-0.18701	-0.089744	-0.10724
-0.18677	-0.1075	-0.10601
-0.18652	-0.11754	-0.10519
-0.18628	-0.114	-0.10377
-0.18604	-0.12971	-0.10209
-0.18579	-0.11263	-0.10233
-0.18555	-0.1205	-0.10052
-0.1853	-0.10855	-0.099899
-0.18506	-0.10764	-0.09851
-0.18481	-0.12307	-0.098526
-0.18457	-0.11089	-0.096372
-0.18433	-0.13258	-0.095481
-0.18408	-0.12403	-0.094365
-0.18384	-0.12112	-0.092506
-0.18359	-0.12482	-0.090305
-0.18335	-0.11233	-0.088093
-0.18311	-0.12791	-0.085658
-0.18286	-0.11291	-0.081619
-0.18262	-0.12619	-0.078794
-0.18237	-0.13163	-0.075301
-0.18213	-0.12453	-0.071969
-0.18188	-0.135	-0.067897
-0.18164	-0.11095	-0.064838
-0.1814	-0.12328	-0.061434
-0.18115	-0.11595	-0.057794
-0.18091	-0.1148	-0.054955
-0.18066	-0.12675	-0.05192
-0.18042	-0.11541	-0.049569
-0.18018	-0.13044	-0.046687
-0.17993	-0.11066	-0.045136
-0.17969	-0.11251	-0.042637
-0.17944	-0.11542	-0.041907
-0.1792	-0.10328	-0.04011
-0.17896	-0.11714	-0.03915
-0.17871	-0.10445	-0.036737
-0.17847	-0.10994	-0.034429
-0.17822	-0.10372	-0.031752
-0.17798	-0.099313	-0.027813
-0.17773	-0.10642	-0.024222
-0.17749	-0.089785	-0.019118
-0.17725	-0.10002	-0.014688
-0.177	-0.095778	-0.0083268
-0.17676	-0.092433	-0.0031575
-0.17651	-0.093438	0.0034193
-0.17627	-0.082242	0.009396
-0.17603	-0.089033	0.015699
-0.17578	-0.077288	0.022078
-0.17554	-0.07796	0.027454
-0.17529	-0.079198	0.033887
-0.17505	-0.072723	0.038027
-0.1748	-0.078413	0.043606
-0.17456	-0.068492	0.047684
-0.17432	-0.068627	0.052552
-0.17407	-0.063769	0.056784
-0.17383	-0.057776	0.061297
-0.17358	-0.060452	0.066563
-0.17334	-0.051024	0.070925
-0.1731	-0.056381	0.077239
-0.17285	-0.051687	0.082869
-0.17261	-0.049637	0.089865
-0.17236	-0.04992	0.096839
-0.17212	-0.038241	0.10485
-0.17188	-0.04304	0.11372
-0.17163	-0.035006	0.12232
-0.17139	-0.034138	0.13274
-0.17114	-0.031634	0.14208
-0.1709	-0.028577	0.15266
-0.17065	-0.0316	0.16238
-0.17041	-0.022307	0.17259
-0.17017	-0.026419	0.1829
-0.16992	-0.021705	0.19228
-0.16968	-0.01785	0.20304
-0.16943	-0.01516	0.2121
-0.16919	-0.011464	0.22257
-0.16895	-0.011899	0.23152
-0.1687	-0.0032059	0.24124
-0.16846	-0.007736	0.25108
-0.16821	-0.0045961	0.26012
-0.16797	-5.3812e-06	0.2708
-0.16772	1.0973e-05	0.27993
-0.16748	-0.0034599	0.29126
-0.16724	-0.0021295	0.3013
-0.16699	0.00592	0.3132
-0.16675	0.0036847	0.32513
-0.1665	0.003179	0.33745
-0.16626	0.0094196	0.3512
-0.16602	0.011602	0.36468
-0.16577	0.0057173	0.38032
-0.16553	0.0027395	0.39502
-0.16528	0.01219	0.41172
-0.16504	0.0071531	0.42756
-0.16479	0.0029522	0.4436
-0.16455	0.009523	0.45969
-0.16431	0.012887	0.47493
-0.16406	0.0060192	0.49094
-0.16382	0.0053013	0.50579
-0.16357	0.015978	0.52159
-0.16333	0.014061	0.53615
-0.16309	0.0049467	0.55069
-0.16284	0.013394	0.56505
-0.1626	0.021435	0.57829
-0.16235	0.010681	0.59195
-0.16211	0.0076812	0.60434
-0.16187	0.021421	0.61795
-0.16162	0.018493	0.6306
-0.16138	0.0063844	0.64415
-0.16113	0.012961	0.65769
-0.16089	0.02204	0.67175
-0.16064	0.012923	0.68635
-0.1604	0.0046017	0.70052
-0.16016	0.019394	0.71547
-0.15991	0.022141	0.72944
-0.15967	0.0053341	0.74424
-0.15942	0.010539	0.75808
-0.15918	0.024352	0.77509
-0.15894	0.015558	0.78747
-0.15869	0.0045482	0.80199
-0.15845	0.018484	0.8162
-0.1582	0.024699	0.8265
-0.15796	0.0087612	0.84214
-0.15771	0.0081037	0.84937
-0.15747	0.026997	0.86423
-0.15723	0.022622	0.87104
-0.15698	0.0065686	0.88218
-0.15674	0.022011	0.89169
-0.15649	0.035048	0.8972
-0.15625	0.017943	0.9092
-0.15601	0.014729	0.90998
-0.15576	0.035953	0.92202
-0.15552	0.034236	0.91906
-0.15527	0.017128	0.92835
-0.15503	0.025475	0.93019
-0.15479	0.046094	0.92989
-0.15454	0.031071	0.93945
-0.1543	0.02151	0.93092
-0.15405	0.042868	0.94448
-0.15381	0.048986	0.93364
-0.15356	0.026114	0.94271
-0.15332	0.035364	0.93774
-0.15308	0.054432	0.93509
-0.15283	0.046498	0.94095
-0.15259	0.033103	0.92661
-0.15234	0.050564	0.94015
-0.1521	0.063555	0.92149
-0.15186	0.045271	0.9312
-0.15161	0.04354	0.91797
-0.15137	0.070601	0.91383
-0.15112	0.061284	0.91359
-0.15088	0.043843	0.89251
-0.15063	0.06133	0.90217
-0.15039	0.073431	0.87219
-0.15015	0.057585	0.88165
-0.1499	0.058486	0.85673
-0.14966	0.077108	0.85294
-0.14941	0.081498	0.84461
-0.14917	0.061972	0.82162
-0.14893	0.071098	0.82999
-0.14868	0.097417	0.79368
-0.14844	0.081197	0.80679
-0.14819	0.075237	0.77405
-0.14795	0.10305	0.77693
-0.14771	0.099207	0.76221
-0.14746	0.085311	0.74479
-0.14722	0.0984	0.75155
-0.14697	0.1117	0.71607
-0.14673	0.11221	0.73471
-0.14648	0.10269	0.69541
-0.14624	0.11292	0.70792
-0.146	0.13148	0.68401
-0.14575	0.10566	0.6749
-0.14551	0.11102	0.6767
-0.14526	0.14028	0.64464
-0.14502	0.12094	0.66565
-0.14478	0.1155	0.62189
-0.14453	0.13224	0.64341
-0.14429	0.1247	0.6079
-0.14404	0.12515	0.60968
-0.1438	0.12499	0.59962
-0.14355	0.13117	0.57462
-0.14331	0.14299	0.59194
-0.14307	0.11446	0.54743
-0.14282	0.12554	0.57788
-0.14258	0.14385	0.53231
-0.14233	0.11558	0.55092
-0.14209	0.12303	0.52804
-0.14185	0.14351	0.51667
-0.1416	0.11704	0.52695
-0.14136	0.12666	0.48757
-0.14111	0.11638	0.52384
-0.14087	0.11799	0.47241
-0.14062	0.12267	0.50925
-0.14038	0.1059	0.4726
-0.14014	0.10656	0.48087
-0.13989	0.12135	0.47919
-0.13965	0.075181	0.45015
-0.1394	0.10133	0.48448
-0.13916	0.097307	0.4292
-0.13892	0.074648	0.48053
-0.13867	0.0826	0.42766
-0.13843	0.082002	0.45904
-0.13818	0.058893	0.44041
-0.13794	0.072606	0.42612
-0.1377	0.042804	0.45218
-0.13745	0.055547	0.39583
-0.13721	0.053355	0.4518
-0.13696	0.02247	0.38294
-0.13672	0.036567	0.43329
-0.13647	0.03293	0.39183
-0.13623	0.0030545	0.39815
-0.13599	0.021745	0.40815
-0.13574	0.0080183	0.35829
-0.1355	-0.015234	0.4141
-0.13525	0.0010177	0.32975
-0.13501	-0.026381	0.39554
-0.13477	-0.015909	0.33323
-0.13452	-0.028424	0.36496
-0.13428	-0.042855	0.36317
-0.13403	-0.050449	0.33287
-0.13379	-0.043552	0.38859
-0.13354	-0.082238	0.30816
-0.1333	-0.043482	0.3846
-0.13306	-0.072089	0.29807
-0.13281	-0.067434	0.34388
-0.13257	-0.083324	0.30492
-0.13232	-0.081014	0.28209
-0.13208	-0.10636	0.31482
-0.13184	-0.081537	0.23098
-0.13159	-0.10961	0.31448
-0.13135	-0.086049	0.22231
-0.1311	-0.11423	0.29432
-0.13086	-0.11337	0.24712
-0.13062	-0.11991	0.25572
-0.13037	-0.10809	0.27997
-0.13013	-0.12409	0.21418
-0.12988	-0.10419	0.29001
-0.12964	-0.11958	0.18449
-0.12939	-0.12751	0.25803
-0.12915	-0.12797	0.17751
-0.12891	-0.12942	0.19489
-0.12866	-0.12167	0.19062
-0.12842	-0.12655	0.13831
-0.12817	-0.11699	0.20912
-0.12793	-0.12562	0.1173
-0.12769	-0.11335	0.20853
-0.12744	-0.13376	0.13095
-0.1272	-0.10217	0.17684
-0.12695	-0.11963	0.16018
-0.12671	-0.0963	0.12992
-0.12646	-0.11229	0.18115
-0.12622	-0.090197	0.092556
-0.12598	-0.10973	0.17417
-0.12573	-0.075761	0.082234
-0.12549	-0.10452	0.13275
-0.12524	-0.080935	0.096558
-0.125	-0.10205	0.081781
-0.12476	-0.075541	0.11819
-0.12451	-0.076188	0.049666
-0.12427	-0.054913	0.12957
-0.12402	-0.069878	0.04929
-0.12378	-0.046595	0.11695
-0.12354	-0.068513	0.075256
-0.12329	-0.055587	0.082109
-0.12305	-0.047043	0.10165
-0.1228	-0.038865	0.044225
-0.12256	-0.023128	0.10742
-0.12231	-0.033316	0.026892
-0.12207	-0.053699	0.087642
-0.12183	-0.059535	0.038485
-0.12158	-0.048087	0.055203
-0.12134	-0.045823	0.063366
-0.12109	-0.00010205	0.026847
-0.12085	-0.028301	0.07971
-0.12061	-0.022147	0.01383
-0.12036	-0.050208	0.076041
-0.12012	-0.050618	0.025182
-0.11987	-0.046678	0.054068
-0.11963	-0.0033158	0.052868
-0.11938	-0.01812	0.029604
-0.11914	0.00074467	0.071393
-0.1189	-0.054758	0.012743
-0.11865	-0.075888	0.062778
-0.11841	-0.079821	0.011011
-0.11816	-0.05784	0.036305
-0.11792	-0.036235	0.02194
-0.11768	-0.0071005	0.0081759
-0.11743	-0.052987	0.034534
-0.11719	-0.074253	-0.011043
-0.11694	-0.097939	0.036967
-0.1167	-0.097391	-0.008682
-0.11646	-0.054081	0.027585
-0.11621	-0.03518	0.015906
-0.11597	-0.040375	0.013642
-0.11572	-0.076814	0.035682
-0.11548	-0.12234	-0.0028189
-0.11523	-0.15246	0.030807
-0.11499	-0.11517	-0.015859
-0.11475	-0.098028	0.0065439
-0.1145	-0.053218	-0.021381
-0.11426	-0.083265	-0.027288
-0.11401	-0.12269	-0.024809
-0.11377	-0.16263	-0.056183
-0.11353	-0.15283	-0.023969
-0.11328	-0.12654	-0.056837
-0.11304	-0.071106	-0.016383
-0.11279	-0.072621	-0.028886
-0.11255	-0.097954	-0.016953
-0.1123	-0.15486	-0.0082872
-0.11206	-0.18249	-0.032439
-0.11182	-0.17583	-0.0134
-0.11157	-0.1224	-0.052285
-0.11133	-0.08104	-0.040164
-0.11108	-0.066762	-0.077593
-0.11084	-0.10901	-0.083923
-0.1106	-0.14718	-0.098103
-0.11035	-0.15233	-0.11737
-0.11011	-0.11917	-0.095736
-0.10986	-0.056614	-0.11177
-0.10962	-0.032539	-0.072216
-0.10938	-0.03691	-0.080076
-0.10913	-0.089401	-0.058331
-0.10889	-0.12078	-0.056649
-0.10864	-0.1228	-0.065782
-0.1084	-0.069126	-0.056643
-0.10815	-0.017018	-0.087103
-0.10791	0.026044	-0.085039
-0.10767	-0.0033604	-0.12246
-0.10742	-0.044236	-0.12992
-0.10718	-0.058978	-0.15149
-0.10693	-0.040387	-0.15853
-0.10669	0.022769	-0.14535
-0.10645	0.071002	-0.14715
-0.1062	0.074007	-0.11418
-0.10596	0.051115	-0.11589
-0.10571	-0.0017242	-0.092691
-0.10547	-0.013418	-0.092911
-0.10522	0.022023	-0.091329
-0.10498	0.071585	-0.08996
-0.10474	0.12279	-0.11002
-0.10449	0.12954	-0.11634
-0.10425	0.091231	-0.14693
-0.104	0.075029	-0.15303
-0.10376	0.069659	-0.16832
-0.10352	0.11251	-0.16148
-0.10327	0.17292	-0.15004
-0.10303	0.18234	-0.13962
-0.10278	0.18828	-0.11696
-0.10254	0.1372	-0.11445
-0.10229	0.10685	-0.096422
-0.10205	0.13085	-0.097153
-0.10181	0.15272	-0.092819
-0.10156	0.2077	-0.098722
-0.10132	0.23046	-0.11488
-0.10107	0.20624	-0.13006
-0.10083	0.18938	-0.15221
-0.10059	0.16252	-0.15647
-0.10034	0.16627	-0.16267
-0.1001	0.22699	-0.14747
-0.099854	0.23217	-0.13628
-0.099609	0.26142	-0.12061
-0.099365	0.22925	-0.10461
-0.099121	0.17928	-0.097621
-0.098877	0.19157	-0.085335
-0.098633	0.17823	-0.088009
-0.098389	0.21227	-0.090287
-0.098145	0.25193	-0.10899
-0.0979	0.22889	-0.12782
-0.097656	0.23445	-0.14939
-0.097412	0.191	-0.16558
-0.097168	0.15964	-0.16455
-0.096924	0.20273	-0.16323
-0.09668	0.202	-0.14586
-0.096436	0.23094	-0.13226
-0.096191	0.22795	-0.11435
-0.095947	0.16652	-0.10041
-0.095703	0.17321	-0.088254
-0.095459	0.13933	-0.081783
-0.095215	0.13826	-0.0867
-0.094971	0.17833	-0.097779
-0.094727	0.15358	-0.12461
-0.094482	0.17726	-0.14605
-0.094238	0.13754	-0.17212
-0.093994	0.077951	-0.18626
-0.09375	0.101	-0.18797
-0.093506	0.074923	-0.18733
-0.093262	0.099588	-0.17292
-0.093018	0.11467	-0.1586
-0.092773	0.067739	-0.14098
-0.092529	0.06869	-0.12465
-0.092285	0.036232	-0.10784
-0.092041	0.0032269	-0.10554
-0.091797	0.043698	-0.10888
-0.091553	0.012231	-0.12302
-0.091309	0.04686	-0.14899
-0.091064	0.020515	-0.16849
-0.09082	-0.030367	-0.19101
-0.090576	-0.019439	-0.2035
-0.090332	-0.050457	-0.20761
-0.090088	-0.037725	-0.20624
-0.089844	-0.01352	-0.19916
-0.0896	-0.052285	-0.18472
-0.089355	-0.03386	-0.16764
-0.089111	-0.063462	-0.15293
-0.088867	-0.093796	-0.13652
-0.088623	-0.06177	-0.13532
-0.088379	-0.10563	-0.13757
-0.088135	-0.069024	-0.14804
-0.087891	-0.084438	-0.16515
-0.087646	-0.099726	-0.1793
-0.087402	-0.10862	-0.19793
-0.087158	-0.11299	-0.21122
-0.086914	-0.1272	-0.22212
-0.08667	-0.070661	-0.22606
-0.086426	-0.13315	-0.22818
-0.086182	-0.071688	-0.22169
-0.085938	-0.13669	-0.2156
-0.085693	-0.10831	-0.21035
-0.085449	-0.10694	-0.20514
-0.085205	-0.11269	-0.21125
-0.084961	-0.11455	-0.21739
-0.084717	-0.096559	-0.22965
-0.084473	-0.1304	-0.24456
-0.084229	-0.086246	-0.25998
-0.083984	-0.115	-0.27348
-0.08374	-0.082208	-0.28388
-0.083496	-0.067766	-0.29088
-0.083252	-0.10301	-0.29124
-0.083008	-0.059311	-0.29269
-0.082764	-0.09479	-0.28436
-0.08252	-0.055626	-0.27986
-0.082275	-0.056276	-0.2751
-0.082031	-0.047985	-0.27115
-0.081787	-0.057905	-0.27281
-0.081543	-0.015697	-0.27536
-0.081299	-0.080062	-0.27973
-0.081055	0.0057982	-0.28435
-0.080811	-0.081424	-0.29223
-0.080566	0.013702	-0.29404
-0.080322	-0.022863	-0.29907
-0.080078	0.014873	-0.29916
-0.079834	-0.0087937	-0.29358
-0.07959	0.016465	-0.28887
-0.079346	-0.02832	-0.27903
-0.079102	0.046921	-0.27175
-0.078857	-0.005075	-0.26347
-0.078613	0.076777	-0.25914
-0.078369	0.026053	-0.254
-0.078125	0.020921	-0.25295
-0.077881	0.045136	-0.25232
-0.077637	0.027337	-0.25205
-0.077393	0.078021	-0.25529
-0.077148	0.066303	-0.25313
-0.076904	0.067634	-0.25296
-0.07666	0.076271	-0.24671
-0.076416	0.087835	-0.23865
-0.076172	0.040137	-0.22725
-0.075928	0.12638	-0.21377
-0.075684	0.03785	-0.20099
-0.075439	0.15897	-0.18625
-0.075195	0.071582	-0.17529
-0.074951	0.12973	-0.1635
-0.074707	0.093041	-0.15902
-0.074463	0.13485	-0.15315
-0.074219	0.079214	-0.15175
-0.073975	0.16008	-0.1515
-0.07373	0.079452	-0.14879
-0.073486	0.2104	-0.14754
-0.073242	0.10602	-0.14069
-0.072998	0.13917	-0.1345
-0.072754	0.13132	-0.11902
-0.07251	0.13814	-0.10663
-0.072266	0.16697	-0.091944
-0.072021	0.16582	-0.08042
-0.071777	0.12817	-0.072944
-0.071533	0.16968	-0.064619
-0.071289	0.15732	-0.063846
-0.071045	0.13608	-0.060646
-0.070801	0.19162	-0.061607
-0.070557	0.10733	-0.058002
-0.070312	0.22305	-0.057369
-0.070068	0.14035	-0.052792
-0.069824	0.20453	-0.045159
-0.06958	0.16967	-0.040346
-0.069336	0.2192	-0.02932
-0.069092	0.15789	-0.027953
-0.068848	0.25062	-0.021058
-0.068604	0.14199	-0.018356
-0.068359	0.29907	-0.014174
-0.068115	0.18709	-0.011824
-0.067871	0.24984	-0.010601
-0.067627	0.20457	-0.0065183
-0.067383	0.24065	-0.010101
-0.067139	0.22942	-0.0064377
-0.066895	0.2758	-0.0097419
-0.06665	0.20737	-0.0085525
-0.066406	0.26831	-0.01028
-0.066162	0.22902	-0.010259
-0.065918	0.24409	-0.0080198
-0.065674	0.25941	-0.010942
-0.06543	0.2108	-0.006886
-0.065186	0.2877	-0.0099017
-0.064941	0.23963	-0.0051553
-0.064697	0.28383	-0.0059938
-0.064453	0.25787	-0.0036118
-0.064209	0.29423	0.00033702
-0.063965	0.23891	-0.00052187
-0.063721	0.32003	0.0044751
-0.063477	0.21861	0.0032399
-0.063232	0.3428	0.011516
-0.062988	0.24666	0.011571
-0.062744	0.32086	0.017558
-0.0625	0.2561	0.022738
-0.062256	0.30975	0.025258
-0.062012	0.27041	0.032595
-0.061768	0.318	0.035167
-0.061523	0.25336	0.048679
-0.061279	0.31481	0.053719
-0.061035	0.26822	0.066415
-0.060791	0.29913	0.077048
-0.060547	0.28874	0.087984
-0.060303	0.26487	0.10265
-0.060059	0.30263	0.1129
-0.059814	0.27002	0.13326
-0.05957	0.29966	0.14359
-0.059326	0.27246	0.16085
-0.059082	0.29605	0.1729
-0.058838	0.25056	0.18715
-0.058594	0.29686	0.20406
-0.05835	0.21765	0.21781
-0.058105	0.29337	0.24035
-0.057861	0.21209	0.25406
-0.057617	0.2693	0.27527
-0.057373	0.20257	0.29162
-0.057129	0.24142	0.31262
-0.056885	0.20144	0.33438
-0.056641	0.22707	0.35394
-0.056396	0.17961	0.38022
-0.056152	0.21862	0.39639
-0.055908	0.18668	0.41757
-0.055664	0.20369	0.43373
-0.05542	0.19348	0.45528
-0.055176	0.16847	0.47462
-0.054932	0.19488	0.49187
-0.054688	0.16353	0.51436
-0.054443	0.19698	0.52929
-0.054199	0.15244	0.54809
-0.053955	0.17883	0.56219
-0.053711	0.13014	0.58456
-0.053467	0.16653	0.60408
-0.053223	0.099054	0.61933
-0.052979	0.15312	0.63763
-0.052734	0.082733	0.65079
-0.05249	0.12811	0.6659
-0.052246	0.066336	0.67456
-0.052002	0.098206	0.69048
-0.051758	0.062678	0.70421
-0.051514	0.081851	0.71286
-0.05127	0.050848	0.72051
-0.051025	0.070986	0.72616
-0.050781	0.057152	0.73586
-0.050537	0.072086	0.73975
-0.050293	0.069425	0.74883
-0.050049	0.051623	0.75661
-0.049805	0.078126	0.76155
-0.049561	0.053533	0.76264
-0.049316	0.096722	0.76039
-0.049072	0.060467	0.76345
-0.048828	0.096003	0.76427
-0.048584	0.054661	0.76588
-0.04834	0.092811	0.76369
-0.048096	0.042904	0.76129
-0.047852	0.08915	0.75555
-0.047607	0.036125	0.74563
-0.047363	0.087581	0.74112
-0.047119	0.039516	0.73631
-0.046875	0.075788	0.73228
-0.046631	0.046607	0.72195
-0.046387	0.070788	0.71137
-0.046143	0.05048	0.70083
-0.045898	0.075664	0.68794
-0.045654	0.067745	0.67854
-0.04541	0.089045	0.66959
-0.045166	0.091473	0.66179
-0.044922	0.09903	0.64795
-0.044678	0.11969	0.63176
-0.044434	0.10739	0.61696
-0.044189	0.14394	0.60399
-0.043945	0.12841	0.59355
-0.043701	0.16015	0.58069
-0.043457	0.14313	0.5701
-0.043213	0.17209	0.55546
-0.042969	0.14945	0.53803
-0.042725	0.17516	0.51942
-0.04248	0.14895	0.50487
-0.042236	0.18211	0.49526
-0.041992	0.15263	0.48085
-0.041748	0.17548	0.46666
-0.041504	0.16791	0.45075
-0.04126	0.17515	0.4359
-0.041016	0.17407	0.4198
-0.040771	0.18744	0.40602
-0.040527	0.19177	0.39836
-0.040283	0.20017	0.38706
-0.040039	0.20692	0.37237
-0.039795	0.22143	0.3536
-0.039551	0.22832	0.33825
-0.039307	0.22253	0.32408
-0.039062	0.2491	0.31013
-0.038818	0.24493	0.3005
-0.038574	0.25123	0.2905
-0.03833	0.25449	0.27986
-0.038086	0.25465	0.26234
-0.037842	0.24635	0.24941
-0.037598	0.24363	0.24107
-0.037354	0.24078	0.23261
-0.037109	0.23535	0.22251
-0.036865	0.21847	0.2105
-0.036621	0.2218	0.20051
-0.036377	0.22028	0.1841
-0.036133	0.19972	0.16971
-0.035889	0.21216	0.16128
-0.035645	0.20876	0.15762
-0.0354	0.20676	0.15193
-0.035156	0.2022	0.1404
-0.034912	0.21629	0.13397
-0.034668	0.2144	0.12511
-0.034424	0.21513	0.11777
-0.03418	0.21379	0.11032
-0.033936	0.22777	0.10814
-0.033691	0.20868	0.10568
-0.033447	0.21441	0.094492
-0.033203	0.21972	0.084958
-0.032959	0.20153	0.077911
-0.032715	0.19185	0.077021
-0.032471	0.1857	0.074708
-0.032227	0.17833	0.074898
-0.031982	0.15434	0.076945
-0.031738	0.15114	0.073025
-0.031494	0.14082	0.067187
-0.03125	0.12958	0.060137
-0.031006	0.10572	0.062299
-0.030762	0.12748	0.061621
-0.030518	0.10454	0.058666
-0.030273	0.10076	0.054371
-0.030029	0.098568	0.04813
-0.029785	0.10897	0.042624
-0.029541	0.091121	0.03461
-0.029297	0.10042	0.03454
-0.029053	0.097846	0.034632
-0.028809	0.096612	0.030559
-0.028564	0.078006	0.019918
-0.02832	0.093882	0.0064551
-0.028076	0.08595	-0.0034551
-0.027832	0.067235	-0.015906
-0.027588	0.063194	-0.02451
-0.027344	0.061166	-0.034964
-0.0271	0.043123	-0.045517
-0.026855	0.035151	-0.062487
-0.026611	0.040088	-0.082821
-0.026367	0.026482	-0.095797
-0.026123	0.014622	-0.10784
-0.025879	0.015831	-0.11834
-0.025635	0.029658	-0.13374
-0.025391	0.0088816	-0.152
-0.025146	0.019339	-0.17281
-0.024902	0.027626	-0.19235
-0.024658	0.023574	-0.20671
-0.024414	0.022936	-0.21599
-0.02417	0.036567	-0.2222
-0.023926	0.032567	-0.23496
-0.023682	0.022816	-0.24945
-0.023438	0.023767	-0.26329
-0.023193	0.034387	-0.27514
-0.022949	0.023078	-0.28166
-0.022705	0.019196	-0.28804
-0.022461	0.021342	-0.29179
-0.022217	0.017801	-0.3007
-0.021973	0.0044269	-0.31386
-0.021729	0.021851	-0.32334
-0.021484	0.015957	-0.32752
-0.02124	0.0010542	-0.32898
-0.020996	-0.0016376	-0.33124
-0.020752	0.0079444	-0.33403
-0.020508	0.0058617	-0.33985
-0.020264	0.0020029	-0.34583
-0.02002	0.0071501	-0.34846
-0.019775	-0.002288	-0.34705
-0.019531	-0.015503	-0.33848
-0.019287	-0.012479	-0.33333
-0.019043	-0.0069928	-0.32985
-0.018799	-0.024898	-0.32792
-0.018555	-0.040028	-0.32267
-0.018311	-0.041723	-0.31099
-0.018066	-0.050522	-0.29631
-0.017822	-0.05995	-0.27687
-0.017578	-0.054856	-0.2593
-0.017334	-0.061471	-0.24258
-0.01709	-0.085094	-0.22743
-0.016846	-0.084324	-0.20748
-0.016602	-0.072557	-0.18159
-0.016357	-0.080136	-0.15479
-0.016113	-0.088629	-0.12645
-0.015869	-0.08601	-0.10244
-0.015625	-0.10576	-0.075449
-0.015381	-0.12422	-0.047983
-0.015137	-0.1235	-0.016153
-0.014893	-0.13057	0.019854
-0.014648	-0.15809	0.056572
-0.014404	-0.17242	0.092065
-0.01416	-0.1661	0.12255
-0.013916	-0.16977	0.15544
-0.013672	-0.17794	0.18587
-0.013428	-0.16943	0.218
-0.013184	-0.16918	0.2503
-0.012939	-0.17176	0.27656
-0.012695	-0.14696	0.30082
-0.012451	-0.12383	0.31807
-0.012207	-0.12472	0.33225
-0.011963	-0.10695	0.34246
-0.011719	-0.067412	0.34895
-0.011475	-0.039489	0.3473
-0.01123	-0.016111	0.34026
-0.010986	0.017289	0.32505
-0.010742	0.037922	0.29951
-0.010498	0.042627	0.27367
-0.010254	0.068744	0.23725
-0.01001	0.10217	0.19751
-0.0097656	0.1087	0.15415
-0.0095215	0.10469	0.099993
-0.0092773	0.11842	0.044984
-0.0090332	0.12628	-0.014043
-0.0087891	0.12259	-0.076754
-0.0085449	0.13305	-0.13822
-0.0083008	0.13312	-0.19931
-0.0080566	0.098773	-0.26568
-0.0078125	0.083955	-0.32617
-0.0075684	0.090448	-0.38528
-0.0073242	0.075719	-0.4467
-0.0070801	0.045428	-0.49375
-0.0068359	0.027545	-0.54257
-0.0065918	0.0096351	-0.58597
-0.0063477	-0.018573	-0.61587
-0.0061035	-0.01849	-0.64768
-0.0058594	-0.01221	-0.66843
-0.0056152	-0.04179	-0.67601
-0.0053711	-0.065151	-0.68343
-0.005127	-0.04193	-0.67875
-0.0048828	-0.022753	-0.66084
-0.0046387	-0.019756	-0.64612
-0.0043945	0.010494	-0.61561
-0.0041504	0.042037	-0.57546
-0.0039062	0.047434	-0.5407
-0.0036621	0.08645	-0.48615
-0.003418	0.15715	-0.43255
-0.0031738	0.18268	-0.38189
-0.0029297	0.18818	-0.31279
-0.0026855	0.23539	-0.25208
-0.0024414	0.27202	-0.19174
-0.0021973	0.27342	-0.11791
-0.0019531	0.30948	-0.055404
-0.001709	0.33958	0.0062788
-0.0014648	0.3069	0.076749
-0.0012207	0.29388	0.13075
-0.00097656	0.32521	0.18852
-0.00073242	0.2987	0.24993
-0.00048828	0.23799	0.28998
-0.00024414	0.20993	0.34007
0	0.16602	0.38556
0.00024414	0.059969	0.41242
0.00048828	-0.0099644	0.45241
0.00073242	-0.071857	0.4806
0.00097656	-0.23078	0.49484
0.0012207	-0.38576	0.51999
0.0014648	-0.48019	0.5274
0.001709	-0.63755	0.52586
0.0019531	-0.82767	0.53571
0.0021973	-0.95645	0.52188
0.0024414	-1.1034	0.50442
0.0026855	-1.2955	0.49556
0.0029297	-1.41	0.45786
0.0031738	-1.469	0.42305
0.003418	-1.5882	0.38998
0.0036621	-1.6624	0.32864
0.0039062	-1.6224	0.27825
0.0041504	-1.5942	0.21732
0.0043945	-1.5428	0.13139
0.0046387	-1.3595	0.063513
0.0048828	-1.1542	-0.020941
0.005127	-0.97046	-0.12379
0.0053711	-0.66432	-0.20543
0.0056152	-0.28345	-0.30602
0.0058594	0.047842	-0.41424
0.0061035	0.43846	-0.50165
0.0063477	0.91294	-0.61292
0.0065918	1.3347	-0.71291
0.0068359	1.7521	-0.79101
0.0070801	2.2537	-0.89632
0.0073242	2.7034	-0.97435
0.0075684	3.0646	-1.0331
0.0078125	3.4664	-1.1118
0.0080566	3.8496	-1.1549
0.0083008	4.1379	-1.1863
0.0085449	4.4055	-1.2234
0.0087891	4.6613	-1.2152
0.0090332	4.7523	-1.2087
0.0092773	4.7762	-1.2008
0.0095215	4.7955	-1.1389
0.0097656	4.6729	-1.086
0.01001	4.4242	-1.0237
0.010254	4.1558	-0.91215
0.010498	3.7983	-0.81499
0.010742	3.2915	-0.69539
0.010986	2.7578	-0.54435
0.01123	2.194	-0.41769
0.011475	1.4946	-0.25555
0.011719	0.75779	-0.075179
0.011963	0.010617	0.071506
0.012207	-0.81923	0.24986
0.012451	-1.675	0.42956
0.012695	-2.4517	0.57536
0.012939	-3.2267	0.74477
0.013184	-4.0062	0.89031
0.013428	-4.67	1.0077
0.013672	-5.2489	1.1439
0.013916	-5.7964	1.2297
0.01416	-6.2162	1.2867
0.014404	-6.4842	1.3561
0.014648	-6.6776	1.3685
0.014893	-6.7487	1.3568
0.015137	-6.6386	1.3414
0.015381	-6.4216	1.2702
0.015625	-6.1003	1.1913
0.015869	-5.6042	1.0962
0.016113	-5.001	0.94671
0.016357	-4.3305	0.8105
0.016602	-3.5352	0.66185
0.016846	-2.6442	0.46903
0.01709	-1.7308	0.29789
0.017334	-0.7568	0.11917
0.017578	0.26128	-0.077336
0.017822	1.258	-0.24079
0.018066	2.2443	-0.41427
0.018311	3.2247	-0.57967
0.018555	4.1424	-0.69787
0.018799	4.9725	-0.82642
0.019043	5.7378	-0.93551
0.019287	6.4052	-0.99188
0.019531	6.9315	-1.0474
0.019775	7.3585	-1.0727
0.02002	7.6473	-1.0583
0.020264	7.7581	-1.0434
0.020508	7.7353	-0.98532
0.020752	7.5685	-0.90209
0.020996	7.2316	-0.8265
0.02124	6.7533	-0.70722
0.021484	6.1353	-0.57323
0.021729	5.3695	-0.45125
0.021973	4.473	-0.30325
0.022217	3.4911	-0.15812
0.022461	2.4245	-0.019512
0.022705	1.2724	0.13613
0.022949	0.096458	0.26526
0.023193	-1.0934	0.38729
0.023438	-2.2957	0.51957
0.023682	-3.44	0.61427
0.023926	-4.5193	0.69933
0.02417	-5.527	0.78064
0.024414	-6.4187	0.82991
0.024658	-7.1667	0.87391
0.024902	-7.7749	0.89921
0.025146	-8.2107	0.89145
0.025391	-8.4447	0.89142
0.025635	-8.4971	0.87064
0.025879	-8.3597	0.81988
0.026123	-8.0155	0.77939
0.026367	-7.4828	0.71831
0.026611	-6.7807	0.64394
0.026855	-5.9029	0.57486
0.0271	-4.8748	0.48583
0.027344	-3.7354	0.40196
0.027588	-2.485	0.32758
0.027832	-1.1579	0.23495
0.028076	0.19498	0.15207
0.02832	1.5572	0.082945
0.028564	2.9088	0.0044299
0.028809	4.1939	-0.056426
0.029053	5.3771	-0.11476
0.029297	6.4477	-0.17049
0.029541	7.3633	-0.20105
0.029785	8.1008	-0.23625
0.030029	8.6573	-0.26216
0.030273	9.0085	-0.26547
0.030518	9.1347	-0.26717
0.030762	9.0466	-0.25848
0.031006	8.7591	-0.2344
0.03125	8.2568	-0.21128
0.031494	7.5768	-0.16982
0.031738	6.7386	-0.11984
0.031982	5.7581	-0.07844
0.032227	4.6644	-0.014171
0.032471	3.4954	0.048909
0.032715	2.2808	0.10858
0.032959	1.0425	0.17965
0.033203	-0.18154	0.24168
0.033447	-1.3611	0.30367
0.033691	-2.474	0.36814
0.033936	-3.4815	0.41645
0.03418	-4.3606	0.45944
0.034424	-5.1068	0.50451
0.034668	-5.6977	0.52569
0.034912	-6.1247	0.54413
0.035156	-6.3881	0.55346
0.0354	-6.4817	0.54304
0.035645	-6.4227	0.53531
0.035889	-6.2161	0.50803
0.036133	-5.8838	0.46953
0.036377	-5.4337	0.43254
0.036621	-4.8796	0.38408
0.036865	-4.2485	0.32934
0.037109	-3.5653	0.28016
0.037354	-2.8547	0.22312
0.037598	-2.145	0.16912
0.037842	-1.4492	0.12448
0.038086	-0.78759	0.070511
0.03833	-0.17717	0.032457
0.038574	0.36688	-0.00081294
0.038818	0.83205	-0.034614
0.039062	1.2112	-0.053706
0.039307	1.5052	-0.070062
0.039551	1.719	-0.082026
0.039795	1.8517	-0.08373
0.040039	1.9121	-0.083953
0.040283	1.9015	-0.08371
0.040527	1.8254	-0.072354
0.040771	1.6968	-0.067252
0.041016	1.5297	-0.059051
0.04126	1.326	-0.044595
0.041504	1.0932	-0.036667
0.041748	0.84002	-0.022464
0.041992	0.57231	-0.011615
0.042236	0.29705	-0.0034169
0.04248	0.020781	0.0074437
0.042725	-0.2447	0.016727
0.042969	-0.50701	0.02258
0.043213	-0.74984	0.031638
0.043457	-0.97105	0.039482
0.043701	-1.1666	0.045545
0.043945	-1.3335	0.05536
0.044189	-1.4642	0.058708
0.044434	-1.554	0.064597
0.044678	-1.6137	0.069232
0.044922	-1.6245	0.070173
0.045166	-1.5903	0.072223
0.04541	-1.5157	0.071535
0.045654	-1.4009	0.071141
0.045898	-1.2512	0.070676
0.046143	-1.0832	0.070048
0.046387	-0.88853	0.067865
0.046631	-0.68112	0.067241
0.046875	-0.45372	0.062411
0.047119	-0.22822	0.05808
0.047363	-0.011942	0.055541
0.047607	0.18544	0.05227
0.047852	0.3736	0.052408
0.048096	0.54002	0.051956
0.04834	0.68156	0.055095
0.048584	0.80593	0.05898
0.048828	0.89852	0.063232
0.049072	0.96598	0.067862
0.049316	1.0136	0.071857
0.049561	1.037	0.076624
0.049805	1.0368	0.080646
0.050049	1.0233	0.084888
0.050293	0.98622	0.086505
0.050537	0.91229	0.090399
0.050781	0.83351	0.092539
0.051025	0.73772	0.092672
0.05127	0.63798	0.090741
0.051514	0.52861	0.086204
0.051758	0.41209	0.081943
0.052002	0.29083	0.075499
0.052246	0.17256	0.069793
0.05249	0.054495	0.06258
0.052734	-0.058303	0.055558
0.052979	-0.16196	0.048953
0.053223	-0.2612	0.042246
0.053467	-0.34711	0.035293
0.053711	-0.4223	0.027481
0.053955	-0.48718	0.021718
0.054199	-0.53782	0.016068
0.054443	-0.5767	0.012725
0.054688	-0.61129	0.0097792
0.054932	-0.62992	0.0074126
0.055176	-0.63423	0.0058642
0.05542	-0.63123	0.0043052
0.055664	-0.61458	0.0037058
0.055908	-0.58208	0.0017914
0.056152	-0.54618	0.00065697
0.056396	-0.49588	-0.00022003
0.056641	-0.43359	0.00083892
0.056885	-0.368	0.0013256
0.057129	-0.28922	0.0015099
0.057373	-0.20561	0.00166
0.057617	-0.12127	0.00056497
0.057861	-0.033996	0.00092086
0.058105	0.05585	-2.2946e-05
0.05835	0.13911	-0.0009697
0.058594	0.22084	-0.0014836
0.058838	0.2927	-0.00062205
0.059082	0.35172	0.0010223
0.059326	0.41177	0.0012439
0.05957	0.45707	0.00068744
0.059814	0.4905	-0.00067775
0.060059	0.51927	-0.0019022
0.060303	0.53713	-0.004085
0.060547	0.54482	-0.0051558
0.060791	0.55246	-0.0070658
0.061035	0.55085	-0.0081586
0.061279	0.54352	-0.0072364
0.061523	0.53534	-0.0073278
0.061768	0.51769	-0.0083209
0.062012	0.49154	-0.010578
0.062256	0.46371	-0.012823
0.0625	0.42659	-0.014453
0.062744	0.3839	-0.015406
0.062988	0.33741	-0.015672
0.063232	0.27889	-0.015023
0.063477	0.21974	-0.013178
0.063721	0.15804	-0.010524
0.063965	0.092555	-0.0076969
0.064209	0.028746	-0.0075411
0.064453	-0.034203	-0.0071875
0.064697	-0.098948	-0.0065399
0.064941	-0.1592	-0.0055192
0.065186	-0.21369	-0.0044134
0.06543	-0.26734	-0.0024632
0.065674	-0.30982	-0.00053957
0.065918	-0.34356	0.0016957
0.066162	-0.37803	0.0037591
0.066406	-0.39831	0.0042678
0.06665	-0.40882	0.0028158
0.066895	-0.41394	0.0013763
0.067139	-0.40595	0.00052938
0.067383	-0.38863	0.00024591
0.067627	-0.36827	-0.00077012
0.067871	-0.34316	-0.0010458
0.068115	-0.30922	-0.0017273
0.068359	-0.27467	-0.0019054
0.068604	-0.23626	-0.0031701
0.068848	-0.19157	-0.0048713
0.069092	-0.14534	-0.0084865
0.069336	-0.095366	-0.010571
0.06958	-0.043171	-0.011913
0.069824	0.011361	-0.01267
0.070068	0.065755	-0.014359
0.070312	0.12308	-0.015176
0.070557	0.17454	-0.016439
0.070801	0.18801	-0.016794
0.071045	0.19908	-0.01831
0.071289	0.19759	-0.019626
0.071533	0.20102	-0.021942
0.071777	0.19944	-0.022221
0.072021	0.18394	-0.022143
0.072266	0.17432	-0.021407
0.07251	0.15842	-0.022252
0.072754	0.12774	-0.02163
0.072998	0.10164	-0.022031
0.073242	0.075353	-0.02163
0.073486	0.03645	-0.022853
0.07373	0.0029742	-0.02313
0.073975	-0.032179	-0.023877
0.074219	-0.075933	-0.022677
0.074463	-0.071962	-0.022747
0.074707	-0.07358	-0.022135
0.074951	-0.076727	-0.023524
0.075195	-0.074347	-0.023359
0.075439	-0.080012	-0.024222
0.075684	-0.078493	-0.024452
0.075928	-0.077243	-0.026236
0.076172	-0.080185	-0.026312
0.076416	-0.075397	-0.027249
0.07666	-0.072423	-0.026031
0.076904	-0.072185	-0.026634
0.077148	-0.070379	-0.02655
0.077393	-0.063029	-0.027937
0.077637	-0.058203	-0.027847
0.077881	-0.059385	-0.029161
0.078125	-0.055025	-0.028875
0.078369	-0.056603	-0.030425
0.078613	-0.06113	-0.029948
0.078857	-0.056719	-0.029947
0.079102	-0.059026	-0.028777
0.079346	-0.061247	-0.029919
0.07959	-0.060107	-0.02976
0.079834	-0.05866	-0.031488
0.080078	-0.050058	-0.031844
0.080322	-0.043382	-0.033662
0.080566	-0.050137	-0.034244
0.080811	-0.049014	-0.035933
0.081055	-0.037881	-0.035854
0.081299	-0.040786	-0.037374
0.081543	-0.043108	-0.037043
0.081787	-0.03335	-0.039955
0.082031	-0.033355	-0.041755
0.082275	-0.033972	-0.044609
0.08252	-0.031533	-0.046376
0.082764	-0.029244	-0.049465
0.083008	-0.026438	-0.05062
0.083252	-0.031612	-0.053954
0.083496	-0.026149	-0.054834
0.08374	-0.028254	-0.057026
0.083984	-0.042596	-0.058738
0.084229	-0.031668	-0.062095
0.084473	-0.017585	-0.064769
0.084717	-0.021984	-0.068723
0.084961	-0.024573	-0.06988
0.085205	-0.0079356	-0.074358
0.085449	-0.0016823	-0.076413
0.085693	-0.011438	-0.079254
0.085938	-0.00018551	-0.082179
0.086182	0.0051239	-0.085941
0.086426	-0.0036849	-0.088133
0.08667	-0.0042473	-0.093914
0.086914	0.0041075	-0.097043
0.087158	0.0052905	-0.10209
0.087402	-0.0033877	-0.10625
0.087646	0.011416	-0.11064
0.087891	0.028413	-0.11493
0.088135	0.016296	-0.12091
0.088379	0.017828	-0.12391
0.088623	0.044129	-0.13089
0.088867	0.045244	-0.13555
0.089111	0.028843	-0.14128
0.089355	0.044311	-0.14804
0.0896	0.068099	-0.15399
0.089844	0.058242	-0.15835
0.090088	0.05257	-0.16747
0.090332	0.079603	-0.172
0.090576	0.091999	-0.17865
0.09082	0.067075	-0.18642
0.091064	0.082551	-0.19222
0.091309	0.10642	-0.19816
0.091553	0.085617	-0.20732
0.091797	0.090218	-0.21154
0.092041	0.11832	-0.22018
0.092285	0.11528	-0.22758
0.092529	0.10187	-0.23349
0.092773	0.12843	-0.24181
0.093018	0.16224	-0.24997
0.093262	0.13272	-0.25403
0.093506	0.13088	-0.26393
0.09375	0.1872	-0.26979
0.093994	0.16621	-0.27595
0.094238	0.13187	-0.28505
0.094482	0.18262	-0.29156
0.094727	0.19442	-0.29738
0.094971	0.1571	-0.30851
0.095215	0.17337	-0.3129
0.095459	0.22273	-0.32055
0.095703	0.19596	-0.32937
0.095947	0.16068	-0.33362
0.096191	0.22448	-0.34037
0.096436	0.23608	-0.34951
0.09668	0.16171	-0.35163
0.096924	0.20064	-0.36055
0.097168	0.25041	-0.36787
0.097412	0.19249	-0.37064
0.097656	0.18673	-0.37886
0.0979	0.24328	-0.38538
0.098145	0.23326	-0.38601
0.098389	0.19459	-0.39495
0.098633	0.23667	-0.39833
0.098877	0.26389	-0.39977
0.099121	0.19647	-0.40714
0.099365	0.20953	-0.4098
0.099609	0.28196	-0.411
0.099854	0.20829	-0.41869
0.1001	0.16859	-0.41867
0.10034	0.26282	-0.42114
0.10059	0.24025	-0.42683
0.10083	0.15664	-0.4258
0.10107	0.197	-0.42778
0.10132	0.24911	-0.43297
0.10156	0.18	-0.43009
0.10181	0.1295	-0.4331
0.10205	0.21683	-0.43599
0.10229	0.19573	-0.43271
0.10254	0.099471	-0.43539
0.10278	0.16662	-0.43725
0.10303	0.18501	-0.43235
0.10327	0.095208	-0.43589
0.10352	0.13226	-0.43528
0.10376	0.18472	-0.42985
0.104	0.067772	-0.43431
0.10425	0.06887	-0.43414
0.10449	0.21092	-0.4292
0.10474	0.14663	-0.43451
0.10498	-0.04198	-0.43234
0.10522	0.082729	-0.4289
0.10547	0.24884	-0.4342
0.10571	0.047587	-0.43139
0.10596	-0.082733	-0.42956
0.1062	0.10664	-0.43571
0.10645	0.14147	-0.43238
0.10669	-0.0057267	-0.43295
0.10693	-0.050287	-0.43929
0.10718	0.051307	-0.43716
0.10742	0.064429	-0.4395
0.10767	0.047212	-0.44424
0.10791	-0.02099	-0.44136
0.10815	-0.12751	-0.4454
0.1084	0.00020123	-0.44919
0.10864	0.20423	-0.44642
0.10889	-0.052207	-0.45207
0.10913	-0.26541	-0.45578
0.10938	0.064273	-0.45256
0.10962	0.28587	-0.45988
0.10986	-0.086629	-0.46325
0.11011	-0.31278	-0.46039
0.11035	0.11326	-0.46829
0.1106	0.3128	-0.47024
0.11084	-0.12722	-0.46882
0.11108	-0.29077	-0.47828
0.11133	0.12289	-0.47745
0.11157	0.30171	-0.47719
0.11182	-0.00054343	-0.48843
0.11206	-0.22173	-0.48652
0.1123	-0.016289	-0.48667
0.11255	0.31626	-0.49753
0.11279	0.17141	-0.49611
0.11304	-0.21976	-0.49876
0.11328	-0.13422	-0.50673
0.11353	0.34901	-0.50393
0.11377	0.35828	-0.50939
0.11401	-0.28082	-0.51577
0.11426	-0.25759	-0.511
0.1145	0.50815	-0.5171
0.11475	0.50842	-0.52278
0.11499	-0.29089	-0.5189
0.11523	-0.3304	-0.52336
0.11548	0.51094	-0.52539
0.11572	0.57713	-0.52252
0.11597	-0.30484	-0.5277
0.11621	-0.35403	-0.52495
0.11646	0.48618	-0.52124
0.1167	0.59003	-0.52774
0.11694	-0.24215	-0.52188
0.11719	-0.45269	-0.516
0.11743	0.32522	-0.52122
0.11768	0.6472	-0.51433
0.11792	-0.10367	-0.50884
0.11816	-0.60595	-0.50959
0.11841	0.11603	-0.49932
0.11865	0.7073	-0.49589
0.1189	-0.023351	-0.49427
0.11914	-0.83427	-0.47955
0.11938	-0.09094	-0.47619
0.11963	0.85848	-0.47327
0.11987	0.027234	-0.45734
0.12012	-1.0927	-0.45088
0.12036	-0.27492	-0.44398
0.12061	0.89138	-0.43015
0.12085	0.074943	-0.42278
0.12109	-1.2822	-0.40962
0.12134	-0.51666	-0.3959
0.12158	0.81426	-0.38976
0.12183	0.074674	-0.37417
0.12207	-1.3941	-0.35794
0.12231	-0.83876	-0.35036
0.12256	0.69238	-0.33543
0.1228	0.22957	-0.31997
0.12305	-1.4972	-0.30775
0.12329	-1.2812	-0.29082
0.12354	0.53029	-0.27883
0.12378	0.50329	-0.26557
0.12402	-1.5066	-0.24514
0.12427	-1.7592	-0.23355
0.12451	0.30094	-0.22226
0.12476	0.72706	-0.2024
0.125	-1.5123	-0.18875
0.12524	-2.2357	-0.17574
0.12549	0.021051	-0.15844
0.12573	0.90872	-0.14588
0.12598	-1.4033	-0.12903
0.12622	-2.6544	-0.11255
0.12646	-0.37892	-0.10294
0.12671	1.1108	-0.085367
0.12695	-1.0946	-0.06874
0.1272	-2.8902	-0.0597
0.12744	-0.85761	-0.044579
0.12769	1.2039	-0.029282
0.12793	-0.65865	-0.016596
0.12817	-3.0636	-0.0016287
0.12842	-1.4293	0.010268
0.12866	1.228	0.02497
0.12891	-0.14165	0.042915
0.12915	-3.0786	0.052153
0.12939	-2.0668	0.063828
0.12964	1.078	0.081765
0.12988	0.44603	0.094262
0.13013	-2.8799	0.10579
0.13037	-2.6929	0.1178
0.13062	0.73402	0.1311
0.13086	0.94312	0.14754
0.1311	-2.5078	0.15841
0.13135	-3.1494	0.16686
0.13159	0.32902	0.18195
0.13184	1.4336	0.19573
0.13208	-1.9036	0.20422
0.13232	-3.411	0.21469
0.13257	-0.2065	0.22616
0.13281	1.7108	0.23901
0.13306	-1.1919	0.25042
0.1333	-3.4886	0.25803
0.13354	-0.908	0.26972
0.13379	1.7201	0.2824
0.13403	-0.47628	0.29108
0.13428	-3.4075	0.30141
0.13452	-1.6601	0.31289
0.13477	1.5085	0.32275
0.13501	0.22963	0.33398
0.13525	-3.0858	0.34525
0.1355	-2.2615	0.3564
0.13574	1.1833	0.36786
0.13599	0.82972	0.37715
0.13623	-2.5664	0.38834
0.13647	-2.6499	0.40206
0.13672	0.68333	0.41207
0.13696	1.1885	0.42077
0.13721	-1.9323	0.43359
0.13745	-2.855	0.44807
0.1377	0.053582	0.45966
0.13794	1.3167	0.47018
0.13818	-1.2997	0.48311
0.13843	-2.9842	0.49894
0.13867	-0.73676	0.51307
0.13892	1.1844	0.52325
0.13916	-0.68767	0.53671
0.1394	-2.8519	0.5543
0.13965	-1.3281	0.56886
0.13989	0.93638	0.58157
0.14014	-0.19013	0.59582
0.14038	-2.5309	0.61172
0.14062	-1.7769	0.62883
0.14087	0.52787	0.64359
0.14111	0.16104	0.65809
0.14136	-2.0536	0.67561
0.1416	-2.0124	0.6909
0.14185	0.079026	0.70677
0.14209	0.36263	0.72422
0.14233	-1.5906	0.73882
0.14258	-2.2153	0.75525
0.14282	-0.51419	0.77255
0.14307	0.27987	0.78947
0.14331	-1.216	0.80709
0.14355	-2.1877	0.82182
0.1438	-0.90918	0.8388
0.14404	0.1573	0.85975
0.14429	-0.856	0.87642
0.14453	-2.0243	0.89129
0.14478	-1.2773	0.90876
0.14502	-0.096056	0.92778
0.14526	-0.54834	0.94686
0.14551	-1.7291	0.96074
0.14575	-1.4375	0.97562
0.146	-0.29619	0.99617
0.14624	-0.36538	1.0125
0.14648	-1.4728	1.0254
0.14673	-1.5728	1.0392
0.14697	-0.62357	1.0547
0.14722	-0.42656	1.072
0.14746	-1.3138	1.0838
0.14771	-1.5776	1.0945
0.14795	-0.79616	1.1094
0.14819	-0.40628	1.1218
0.14844	-1.0533	1.1319
0.14868	-1.5253	1.1418
0.14893	-1.0478	1.1511
0.14917	-0.55729	1.1617
0.14941	-0.95899	1.1687
0.14966	-1.4381	1.1744
0.1499	-1.0606	1.1829
0.15015	-0.49121	1.1886
0.15039	-0.72279	1.1932
0.15063	-1.2713	1.1982
0.15088	-1.0998	1.2012
0.15112	-0.62097	1.2041
0.15137	-0.76269	1.2046
0.15161	-1.2059	1.2049
0.15186	-1.0482	1.2066
0.1521	-0.57027	1.2044
0.15234	-0.57456	1.2009
0.15259	-0.97781	1.1988
0.15283	-0.98667	1.1956
0.15308	-0.63193	1.192
0.15332	-0.5889	1.1852
0.15356	-0.95271	1.1785
0.15381	-1.005	1.1736
0.15405	-0.57443	1.1645
0.1543	-0.36921	1.1538
0.15454	-0.71868	1.1438
0.15479	-0.84996	1.1334
0.15503	-0.49287	1.1223
0.15527	-0.38115	1.1079
0.15552	-0.76245	1.0936
0.15576	-0.85346	1.0822
0.15601	-0.45579	1.0676
0.15625	-0.26521	1.0511
0.15649	-0.4967	1.0351
0.15674	-0.60165	1.0186
0.15698	-0.36858	1.0025
0.15723	-0.20853	0.98351
0.15747	-0.39162	0.96394
0.15771	-0.64993	0.94697
0.15796	-0.45157	0.92747
0.1582	-0.06966	0.90673
0.15845	-0.18559	0.88657
0.15869	-0.4995	0.86635
0.15894	-0.26015	0.84673
0.15918	0.059899	0.82482
0.15942	-0.19496	0.80213
0.15967	-0.49833	0.78213
0.15991	-0.26608	0.76007
0.16016	-0.0080028	0.73714
0.1604	-0.062309	0.71468
0.16064	-0.17056	0.69163
0.16089	-0.1517	0.66977
0.16113	-0.0018055	0.64643
0.16138	0.10598	0.62187
0.16162	-0.15559	0.60031
0.16187	-0.34762	0.57707
0.16211	0.024695	0.553
0.16235	0.2245	0.53013
0.1626	-0.13388	0.50709
0.16284	-0.16297	0.48524
0.16309	0.20594	0.4622
0.16333	0.13005	0.43773
0.16357	-0.13282	0.41629
0.16382	-0.045757	0.39407
0.16406	0.0077758	0.3713
0.16431	-0.026454	0.34982
0.16455	0.1386	0.32717
0.16479	0.069005	0.30613
0.16504	-0.070111	0.28479
0.16528	0.19702	0.26179
0.16553	0.24901	0.24161
0.16577	-0.13614	0.22081
0.16602	-0.020309	0.19924
0.16626	0.28882	0.17871
0.1665	0.072279	0.15764
0.16675	-0.041811	0.13917
0.16699	0.26602	0.12083
0.16724	0.15903	0.10183
0.16748	-0.0071437	0.08534
0.16772	0.25495	0.068712
0.16797	0.17086	0.051978
0.16821	-0.09143	0.037047
0.16846	0.24126	0.021273
0.1687	0.32154	0.0079797
0.16895	-0.056133	-0.0051053
0.16919	0.16543	-0.018903
0.16943	0.42439	-0.029964
0.16968	0.027748	-0.041413
0.16992	0.036954	-0.052673
0.17017	0.37915	-0.062226
0.17041	0.12574	-0.073525
0.17065	-0.0017626	-0.081958
0.1709	0.40451	-0.090886
0.17114	0.23966	-0.10081
0.17139	-0.043376	-0.10795
0.17163	0.39146	-0.11579
0.17188	0.39974	-0.1228
0.17212	-0.052593	-0.12831
0.17236	0.2814	-0.1348
0.17261	0.53458	-0.13915
0.17285	0.052682	-0.1435
0.1731	0.17367	-0.14803
0.17334	0.57831	-0.14958
0.17358	0.21503	-0.1521
0.17383	0.13843	-0.15333
0.17407	0.58978	-0.15399
0.17432	0.35145	-0.15499
0.17456	0.11295	-0.15512
0.1748	0.59345	-0.15461
0.17505	0.48176	-0.15511
0.17529	0.051924	-0.15267
0.17554	0.50268	-0.15285
0.17578	0.62131	-0.15162
0.17603	0.057573	-0.15081
0.17627	0.29415	-0.14899
0.17651	0.63901	-0.14625
0.17676	0.096173	-0.14478
0.177	0.050984	-0.14362
0.17725	0.47545	-0.13909
0.17749	0.078745	-0.13786
0.17773	-0.15056	-0.13487
0.17798	0.3244	-0.13261
0.17822	0.086466	-0.12846
0.17847	-0.3265	-0.12384
0.17871	0.17172	-0.12149
0.17896	0.15488	-0.11831
0.1792	-0.41921	-0.11241
0.17944	-0.0083626	-0.10826
0.17969	0.29241	-0.10366
0.17993	-0.25456	-0.099705
0.18018	-0.042493	-0.094656
0.18042	0.52154	-0.088286
0.18066	0.13639	-0.086254
0.18091	0.12215	-0.083025
0.18115	0.77774	-0.077921
0.1814	0.56239	-0.073497
0.18164	0.34815	-0.07134
0.18188	1.0159	-0.069845
0.18213	0.98863	-0.06796
0.18237	0.55174	-0.063472
0.18262	1.1313	-0.065143
0.18286	1.3298	-0.063208
0.18311	0.68742	-0.060776
0.18335	0.94736	-0.058372
0.18359	1.3178	-0.058673
0.18384	0.63909	-0.05884
0.18408	0.52412	-0.057016
0.18433	0.94312	-0.052188
0.18457	0.33659	-0.053607
0.18481	-0.092621	-0.051649
0.18506	0.31359	-0.04935
0.1853	-0.16916	-0.046649
0.18555	-0.86169	-0.046041
0.18579	-0.5043	-0.04531
0.18604	-0.72219	-0.041592
0.18628	-1.5569	-0.036688
0.18652	-1.3417	-0.038807
0.18677	-1.1931	-0.038792
0.18701	-1.9608	-0.035795
0.18726	-1.9015	-0.03417
0.1875	-1.4709	-0.033821
0.18774	-2.0341	-0.035099
0.18799	-2.111	-0.032341
0.18823	-1.4613	-0.031212
0.18848	-1.7514	-0.034795
0.18872	-1.9586	-0.03594
0.18896	-1.2064	-0.031938
0.18921	-1.1693	-0.031386
0.18945	-1.5055	-0.032017
0.1897	-0.82423	-0.034762
0.18994	-0.5018	-0.030668
0.19019	-0.89811	-0.02849
0.19043	-0.44937	-0.029791
0.19067	0.055133	-0.029273
0.19092	-0.37854	-0.024464
0.19116	-0.21541	-0.024755
0.19141	0.33668	-0.026348
0.19165	-0.10166	-0.028144
0.19189	-0.25857	-0.022508
0.19214	0.218	-0.021473
0.19238	-0.14348	-0.02495
0.19263	-0.61563	-0.026415
0.19287	-0.30732	-0.023583
0.19312	-0.54701	-0.025039
0.19336	-1.24	-0.028315
0.1936	-1.1259	-0.029565
0.19385	-1.2518	-0.025633
0.19409	-2.0121	-0.026905
0.19434	-2.0861	-0.033129
0.19458	-2.0731	-0.03261
0.19482	-2.7666	-0.028105
0.19507	-2.9954	-0.028746
0.19531	-2.7914	-0.033241
0.19556	-3.3025	-0.033168
0.1958	-3.5718	-0.029195
0.19604	-3.2448	-0.030633
0.19629	-3.4473	-0.035943
0.19653	-3.6661	-0.032473
0.19678	-3.2351	-0.027812
0.19702	-3.0817	-0.029556
0.19727	-3.2266	-0.03532
0.19751	-2.6976	-0.033561
0.19775	-2.246	-0.028026
0.198	-2.258	-0.029098
0.19824	-1.7218	-0.034692
0.19849	-1.0854	-0.031981
0.19873	-0.94699	-0.027957
0.19897	-0.53453	-0.030213
0.19922	0.16996	-0.035718
0.19946	0.3505	-0.031917
0.19971	0.59099	-0.023744
0.19995	1.1945	-0.027945
0.2002	1.3378	-0.03455
0.20044	1.3349	-0.028893
0.20068	1.6598	-0.023935
0.20093	1.7008	-0.024293
0.20117	1.3915	-0.03067
0.20142	1.3913	-0.02662
0.20166	1.2676	-0.018768
0.2019	0.71416	-0.025341
0.20215	0.40888	-0.027969
0.20239	0.11967	-0.022822
0.20264	-0.51678	-0.016634
0.20288	-1.043	-0.019895
0.20312	-1.3568	-0.027709
0.20337	-1.9341	-0.02185
0.20361	-2.4894	-0.014976
0.20386	-2.7003	-0.019402
0.2041	-3.0491	-0.023608
0.20435	-3.374	-0.019219
0.20459	-3.3658	-0.013671
0.20483	-3.3035	-0.01838
0.20508	-3.2811	-0.022594
0.20532	-2.9617	-0.015936
0.20557	-2.4555	-0.010146
0.20581	-2.0628	-0.014955
0.20605	-1.4292	-0.020223
0.2063	-0.6327	-0.014795
0.20654	0.079119	-0.0079156
0.20679	0.85998	-0.012362
0.20703	1.7566	-0.016416
0.20728	2.5693	-0.011053
0.20752	3.2666	-0.006112
0.20776	4.0458	-0.011432
0.20801	4.68	-0.015987
0.20825	5.1173	-0.0092473
0.2085	5.5217	-0.0039884
0.20874	5.7745	-0.0091352
0.20898	5.8218	-0.014346
0.20923	5.7241	-0.0089192
0.20947	5.5383	-0.004076
0.20972	5.1468	-0.0090053
0.20996	4.6219	-0.011926
0.21021	4.046	-0.0073922
0.21045	3.3429	-0.0041041
0.21069	2.5567	-0.0098288
0.21094	1.757	-0.012941
0.21118	0.97064	-0.0061189
0.21143	0.15834	-0.0029491
0.21167	-0.59713	-0.0071593
0.21191	-1.2404	-0.012042
0.21216	-1.8191	-0.0081518
0.2124	-2.2898	-0.0040781
0.21265	-2.6088	-0.0076563
0.21289	-2.7815	-0.0090147
0.21313	-2.8432	-0.0062475
0.21338	-2.7315	-0.0043898
0.21362	-2.459	-0.0085247
0.21387	-2.0896	-0.011634
0.21411	-1.599	-0.0055064
0.21436	-0.97799	-0.0036456
0.2146	-0.26818	-0.0075076
0.21484	0.47384	-0.011003
0.21509	1.2849	-0.0094295
0.21533	2.0934	-0.0053058
0.21558	2.8742	-0.0097353
0.21582	3.6168	-0.011057
0.21606	4.3076	-0.0086066
0.21631	4.9074	-0.0094149
0.21655	5.393	-0.011057
0.2168	5.8088	-0.014604
0.21704	6.0718	-0.010588
0.21729	6.1993	-0.0086848
0.21753	6.2197	-0.013927
0.21777	6.1024	-0.013913
0.21802	5.8585	-0.013256
0.21826	5.4891	-0.011851
0.21851	5.0355	-0.01263
0.21875	4.4855	-0.015639
0.21899	3.8769	-0.011601
0.21924	3.2279	-0.012229
0.21948	2.5417	-0.014776
0.21973	1.8568	-0.013187
0.21997	1.1781	-0.013455
0.22021	0.52299	-0.010374
0.22046	-0.095543	-0.012342
0.2207	-0.66108	-0.013852
0.22095	-1.1486	-0.0098844
0.22119	-1.568	-0.012262
0.22144	-1.8937	-0.010783
0.22168	-2.119	-0.010918
0.22192	-2.2635	-0.010622
0.22217	-2.3062	-0.0070424
0.22241	-2.2769	-0.011103
0.22266	-2.1658	-0.0089658
0.2229	-1.99	-0.0081007
0.22314	-1.7517	-0.0094029
0.22339	-1.4503	-0.0060803
0.22363	-1.1193	-0.014878
0.22388	-0.74019	-0.0063863
0.22412	-0.35257	-0.0080388
0.22437	0.037846	-0.012834
0.22461	0.41814	-0.0018445
0.22485	0.76057	-0.013127
0.2251	1.0875	-0.0021394
0.22534	1.3483	-0.0065028
0.22559	1.5851	-0.01015
0.22583	1.758	0.0042661
0.22607	1.8724	-0.011644
0.22632	1.9521	0.0044985
0.22656	1.9506	-0.0014999
0.22681	1.9227	-0.0047324
0.22705	1.8224	0.010723
0.22729	1.6831	-0.0041607
0.22754	1.505	0.014668
0.22778	1.279	0.0070625
0.22803	1.0537	0.0075048
0.22827	0.79107	0.01993
0.22852	0.54861	0.0037043
0.22876	0.3043	0.024298
0.229	0.074423	0.012839
0.22925	-0.13575	0.01552
0.22949	-0.33073	0.028818
0.22974	-0.49052	0.0093959
0.22998	-0.63486	0.033578
0.23022	-0.73295	0.020093
0.23047	-0.80654	0.025687
0.23071	-0.83177	0.036249
0.23096	-0.82254	0.013646
0.2312	-0.7809	0.040057
0.23145	-0.70031	0.023984
0.23169	-0.6152	0.031866
0.23193	-0.48852	0.042522
0.23218	-0.36598	0.019898
0.23242	-0.23428	0.047003
0.23267	-0.084957	0.025231
0.23291	0.041116	0.034277
0.23315	0.19187	0.043955
0.2334	0.31455	0.023038
0.23364	0.43634	0.05009
0.23389	0.54941	0.027297
0.23413	0.62267	0.037996
0.23438	0.69869	0.043529
0.23462	0.73223	0.021814
0.23486	0.75402	0.047635
0.23511	0.76596	0.024681
0.23535	0.74809	0.038798
0.2356	0.73239	0.041009
0.23584	0.70185	0.02261
0.23608	0.66082	0.045482
0.23633	0.61993	0.020688
0.23657	0.56828	0.034147
0.23682	0.50537	0.033802
0.23706	0.45582	0.021474
0.2373	0.38653	0.042564
0.23755	0.33687	0.019624
0.23779	0.28813	0.033725
0.23804	0.2356	0.028972
0.23828	0.22671	0.02074
0.23853	0.19757	0.036811
0.23877	0.19747	0.017709
0.23901	0.203	0.033961
0.23926	0.19591	0.026908
