-0.31958	-0.010952	-0.052471
-0.31934	0.040139	-0.16635
-0.31909	-0.019831	-0.18784
-0.31885	0.0061217	-0.22925
-0.3186	0.017885	-0.13859
-0.31836	-0.035121	-0.23374
-0.31812	0.013023	-0.1613
-0.31787	-0.042527	-0.1912
-0.31763	-0.0008794	-0.19402
-0.31738	-0.032767	-0.15473
-0.31714	0.017978	-0.21715
-0.31689	-0.053045	-0.13136
-0.31665	0.01699	-0.20078
-0.31641	-0.057075	-0.17253
-0.31616	0.015502	-0.14288
-0.31592	-0.019831	-0.2042
-0.31567	-0.020062	-0.13681
-0.31543	0.030015	-0.18422
-0.31519	-0.076163	-0.14466
-0.31494	0.054947	-0.16421
-0.3147	-0.062017	-0.16862
-0.31445	0.034705	-0.11849
-0.31421	-0.042771	-0.19177
-0.31396	-0.031513	-0.12536
-0.31372	0.006463	-0.14686
-0.31348	-0.065657	-0.16738
-0.31323	0.0044106	-0.12419
-0.31299	-0.061586	-0.15785
-0.31274	-0.0316	-0.12572
-0.3125	-0.074502	-0.15462
-0.31226	-0.075081	-0.12243
-0.31201	-0.058879	-0.1304
-0.31177	-0.053316	-0.16007
-0.31152	-0.09716	-0.1035
-0.31128	-0.067849	-0.14854
-0.31104	-0.1104	-0.13561
-0.31079	-0.074282	-0.12106
-0.31055	-0.066957	-0.13357
-0.3103	-0.10028	-0.12302
-0.31006	-0.037277	-0.13792
-0.30981	-0.1343	-0.10167
-0.30957	-0.043861	-0.13818
-0.30933	-0.10484	-0.12997
-0.30908	-0.079168	-0.10017
-0.30884	-0.058663	-0.14145
-0.30859	-0.11629	-0.11828
-0.30835	-0.067898	-0.10836
-0.30811	-0.14932	-0.12022
-0.30786	-0.089898	-0.11982
-0.30762	-0.10715	-0.10754
-0.30737	-0.13494	-0.10038
-0.30713	-0.12918	-0.13221
-0.30688	-0.15648	-0.095714
-0.30664	-0.13835	-0.10198
-0.3064	-0.14218	-0.12662
-0.30615	-0.15773	-0.095443
-0.30591	-0.12866	-0.097979
-0.30566	-0.16479	-0.11233
-0.30542	-0.1607	-0.10495
-0.30518	-0.13357	-0.093454
-0.30493	-0.1666	-0.10454
-0.30469	-0.11348	-0.11882
-0.30444	-0.16987	-0.083646
-0.3042	-0.12463	-0.10421
-0.30396	-0.14356	-0.11317
-0.30371	-0.15628	-0.083815
-0.30347	-0.10675	-0.093096
-0.30322	-0.1707	-0.11109
-0.30298	-0.12613	-0.088616
-0.30273	-0.16526	-0.08657
-0.30249	-0.13863	-0.11337
-0.30225	-0.12774	-0.099576
-0.302	-0.15934	-0.074905
-0.30176	-0.12999	-0.11322
-0.30151	-0.15607	-0.092582
-0.30127	-0.15662	-0.071432
-0.30103	-0.12868	-0.10074
-0.30078	-0.14058	-0.098378
-0.30054	-0.12059	-0.075124
-0.30029	-0.14875	-0.09591
-0.30005	-0.15962	-0.10446
-0.2998	-0.12496	-0.0838
-0.29956	-0.15648	-0.083568
-0.29932	-0.10175	-0.10879
-0.29907	-0.12862	-0.07997
-0.29883	-0.12502	-0.07921
-0.29858	-0.12541	-0.10028
-0.29834	-0.1373	-0.092695
-0.2981	-0.085079	-0.074308
-0.29785	-0.11117	-0.10238
-0.29761	-0.083307	-0.10149
-0.29736	-0.090402	-0.072423
-0.29712	-0.09322	-0.094909
-0.29688	-0.078634	-0.10784
-0.29663	-0.083506	-0.066863
-0.29639	-0.064512	-0.094866
-0.29614	-0.074144	-0.10251
-0.2959	-0.081598	-0.075694
-0.29565	-0.057939	-0.080747
-0.29541	-0.068514	-0.10667
-0.29517	-0.061727	-0.077984
-0.29492	-0.061986	-0.077804
-0.29468	-0.075486	-0.10564
-0.29443	-0.049083	-0.087481
-0.29419	-0.065811	-0.075458
-0.29395	-0.019531	-0.10426
-0.2937	-0.02817	-0.087694
-0.29346	-0.037427	-0.078499
-0.29321	-0.025771	-0.082338
-0.29297	-0.039904	-0.098079
-0.29272	0.0033664	-0.070863
-0.29248	-0.0020245	-0.082009
-0.29224	0.023002	-0.10887
-0.29199	0.01654	-0.08493
-0.29175	-0.0034075	-0.082528
-0.2915	0.0067789	-0.11257
-0.29126	0.0172	-0.084388
-0.29102	0.030515	-0.073594
-0.29077	0.038195	-0.09554
-0.29053	0.033242	-0.091375
-0.29028	0.036661	-0.063459
-0.29004	0.034992	-0.10932
-0.28979	0.036295	-0.10154
-0.28955	0.058274	-0.085029
-0.28931	0.043307	-0.11253
-0.28906	0.059624	-0.1059
-0.28882	0.057368	-0.082053
-0.28857	0.075738	-0.093961
-0.28833	0.072156	-0.096212
-0.28809	0.062575	-0.088041
-0.28784	0.072317	-0.088022
-0.2876	0.058873	-0.12058
-0.28735	0.084975	-0.10312
-0.28711	0.089645	-0.10451
-0.28687	0.10613	-0.11748
-0.28662	0.094379	-0.10975
-0.28638	0.078892	-0.084635
-0.28613	0.085215	-0.098424
-0.28589	0.090222	-0.10985
-0.28564	0.11162	-0.084848
-0.2854	0.12464	-0.10978
-0.28516	0.12535	-0.14189
-0.28491	0.1114	-0.10295
-0.28467	0.099527	-0.12747
-0.28442	0.10171	-0.13347
-0.28418	0.12176	-0.10214
-0.28394	0.12227	-0.10453
-0.28369	0.1338	-0.1204
-0.28345	0.12483	-0.10619
-0.2832	0.11189	-0.1168
-0.28296	0.11362	-0.14404
-0.28271	0.10739	-0.14091
-0.28247	0.12208	-0.14071
-0.28223	0.11389	-0.15345
-0.28198	0.12767	-0.13575
-0.28174	0.13397	-0.13096
-0.28149	0.13162	-0.12489
-0.28125	0.12368	-0.13437
-0.28101	0.11421	-0.13072
-0.28076	0.12038	-0.13756
-0.28052	0.12302	-0.16548
-0.28027	0.14649	-0.15522
-0.28003	0.14928	-0.15166
-0.27979	0.13895	-0.17423
-0.27954	0.11758	-0.14919
-0.2793	0.10678	-0.13544
-0.27905	0.11323	-0.15921
-0.27881	0.12661	-0.15154
-0.27856	0.13949	-0.13808
-0.27832	0.14051	-0.17647
-0.27808	0.12504	-0.17119
-0.27783	0.10571	-0.16038
-0.27759	0.10278	-0.18184
-0.27734	0.1045	-0.17326
-0.2771	0.12413	-0.16639
-0.27686	0.12939	-0.17061
-0.27661	0.13323	-0.17083
-0.27637	0.11735	-0.17795
-0.27612	0.098147	-0.17536
-0.27588	0.10138	-0.18493
-0.27563	0.10059	-0.19196
-0.27539	0.11586	-0.18382
-0.27515	0.11703	-0.18893
-0.2749	0.12017	-0.19649
-0.27466	0.1127	-0.18345
-0.27441	0.098796	-0.19638
-0.27417	0.091172	-0.21236
-0.27393	0.089505	-0.18559
-0.27368	0.098633	-0.20535
-0.27344	0.10954	-0.22082
-0.27319	0.11852	-0.18916
-0.27295	0.10838	-0.21227
-0.27271	0.086145	-0.22999
-0.27246	0.072761	-0.20025
-0.27222	0.074421	-0.22041
-0.27197	0.086143	-0.23732
-0.27173	0.10421	-0.20786
-0.27148	0.10247	-0.21367
-0.27124	0.088726	-0.22364
-0.271	0.070602	-0.20052
-0.27075	0.060368	-0.20627
-0.27051	0.068945	-0.21087
-0.27026	0.074763	-0.2173
-0.27002	0.087775	-0.22405
-0.26978	0.087349	-0.2212
-0.26953	0.078595	-0.2281
-0.26929	0.064423	-0.21817
-0.26904	0.052853	-0.20296
-0.2688	0.057114	-0.20676
-0.26855	0.062716	-0.19794
-0.26831	0.075017	-0.19925
-0.26807	0.077697	-0.21464
-0.26782	0.066244	-0.22107
-0.26758	0.055546	-0.22535
-0.26733	0.044869	-0.23902
-0.26709	0.043955	-0.21841
-0.26685	0.049759	-0.20362
-0.2666	0.054585	-0.21071
-0.26636	0.061459	-0.18033
-0.26611	0.059318	-0.17939
-0.26587	0.048981	-0.20889
-0.26562	0.034319	-0.19876
-0.26538	0.027469	-0.2167
-0.26514	0.030988	-0.2308
-0.26489	0.043692	-0.2097
-0.26465	0.054376	-0.20482
-0.2644	0.047743	-0.18426
-0.26416	0.034419	-0.15238
-0.26392	0.023731	-0.1618
-0.26367	0.020947	-0.14945
-0.26343	0.025768	-0.1519
-0.26318	0.033903	-0.19231
-0.26294	0.03688	-0.18402
-0.2627	0.038856	-0.18179
-0.26245	0.029071	-0.20213
-0.26221	0.022194	-0.16488
-0.26196	0.013943	-0.14511
-0.26172	0.014376	-0.14636
-0.26147	0.023497	-0.12758
-0.26123	0.033114	-0.13059
-0.26099	0.037582	-0.14776
-0.26074	0.023376	-0.14927
-0.2605	0.014679	-0.15691
-0.26025	0.0047239	-0.15956
-0.26001	0.0090087	-0.13825
-0.25977	0.019025	-0.12431
-0.25952	0.025817	-0.12365
-0.25928	0.026041	-0.10574
-0.25903	0.021537	-0.11267
-0.25879	0.011582	-0.1312
-0.25854	0.0014	-0.13326
-0.2583	0.00022724	-0.13883
-0.25806	0.0074655	-0.13329
-0.25781	0.025383	-0.11857
-0.25757	0.032765	-0.092137
-0.25732	0.024852	-0.060901
-0.25708	0.0082156	-0.064907
-0.25684	-0.0032076	-0.052703
-0.25659	-0.0034591	-0.049973
-0.25635	0.012306	-0.095909
-0.2561	0.025491	-0.096779
-0.25586	0.030357	-0.095511
-0.25562	0.026873	-0.12038
-0.25537	0.015934	-0.07878
-0.25513	0.0039913	-0.055963
-0.25488	-0.001032	-0.050292
-0.25464	0.0064628	0.0030022
-0.25439	0.023438	-0.0063583
-0.25415	0.040267	-0.02054
-0.25391	0.036901	0.0019388
-0.25366	0.021583	-0.037448
-0.25342	0.0027156	-0.055248
-0.25317	-0.0012709	-0.035332
-0.25293	0.0092264	-0.055121
-0.25269	0.032367	-0.05429
-0.25244	0.036891	-0.025628
-0.2522	0.039076	-0.02915
-0.25195	0.023148	-0.025331
-0.25171	0.0079425	-0.001418
-0.25146	0.0044259	-0.0041125
-0.25122	0.010054	0.0022316
-0.25098	0.032041	0.023252
-0.25073	0.038732	0.019902
-0.25049	0.047811	0.02449
-0.25024	0.023427	0.034472
-0.25	0.012078	0.01184
-0.24976	0.00085864	0.0030428
-0.24951	0.015828	0.0043378
-0.24927	0.039894	-0.019394
-0.24902	0.049955	-0.012915
-0.24878	0.043045	0.0075192
-0.24854	0.018099	0.020173
-0.24829	0.0095269	0.051363
-0.24805	0.0031348	0.06974
-0.2478	0.028951	0.09776
-0.24756	0.028162	0.098466
-0.24731	0.049518	0.077582
-0.24707	0.033263	0.086417
-0.24683	0.019685	0.038774
-0.24658	0.00057086	0.015293
-0.24634	-0.0073138	0.028761
-0.24609	0.020315	-0.015533
-0.24585	0.025772	0.010742
-0.24561	0.049365	0.044059
-0.24536	0.024238	0.034467
-0.24512	0.0067706	0.084314
-0.24487	-0.014402	0.11276
-0.24463	-0.0050408	0.087298
-0.24438	0.0060144	0.1216
-0.24414	0.017995	0.10612
-0.2439	0.022298	0.05414
-0.24365	-0.0053794	0.061295
-0.24341	-0.016573	0.03072
-0.24316	-0.038741	-0.0040935
-0.24292	-0.028635	0.0059094
-0.24268	-0.016527	0.009823
-0.24243	-0.018013	0.016173
-0.24219	-0.0092211	0.042229
-0.24194	-0.039232	0.076886
-0.2417	-0.064244	0.08009
-0.24146	-0.068888	0.10624
-0.24121	-0.07155	0.11471
-0.24097	-0.055849	0.083101
-0.24072	-0.053424	0.076202
-0.24048	-0.066481	0.050189
-0.24023	-0.086041	0.0038089
-0.23999	-0.092877	-0.0036454
-0.23975	-0.088447	-0.024113
-0.2395	-0.08822	-0.032895
-0.23926	-0.086832	-0.013209
-0.23901	-0.1003	0.0048014
-0.23877	-0.10255	0.041126
-0.23853	-0.11652	0.062716
-0.23828	-0.11543	0.094789
-0.23804	-0.11709	0.11383
-0.23779	-0.10552	0.082622
-0.23755	-0.10953	0.089395
-0.2373	-0.12127	0.059688
-0.23706	-0.13798	-0.0013878
-0.23682	-0.144	0.010046
-0.23657	-0.1319	-0.023469
-0.23633	-0.12729	-0.038905
-0.23608	-0.12264	0.028966
-0.23584	-0.13552	0.029941
-0.2356	-0.14603	0.071476
-0.23535	-0.16159	0.15236
-0.23511	-0.15368	0.14569
-0.23486	-0.14641	0.17412
-0.23462	-0.1309	0.19351
-0.23438	-0.13575	0.14496
-0.23413	-0.15343	0.12916
-0.23389	-0.168	0.11229
-0.23364	-0.16923	0.074835
-0.2334	-0.15421	0.065499
-0.23315	-0.14418	0.085416
-0.23291	-0.13538	0.10353
-0.23267	-0.14428	0.13379
-0.23242	-0.15427	0.19677
-0.23218	-0.1746	0.23013
-0.23193	-0.16854	0.25295
-0.23169	-0.15035	0.29593
-0.23145	-0.12808	0.28379
-0.2312	-0.12682	0.26646
-0.23096	-0.14356	0.26357
-0.23071	-0.16307	0.21355
-0.23047	-0.1653	0.18486
-0.23022	-0.14323	0.17771
-0.22998	-0.12882	0.16888
-0.22974	-0.11422	0.18741
-0.22949	-0.12035	0.21282
-0.22925	-0.13461	0.25941
-0.229	-0.15534	0.29055
-0.22876	-0.14553	0.32022
-0.22852	-0.12594	0.36582
-0.22827	-0.091585	0.333
-0.22803	-0.086746	0.31494
-0.22778	-0.10268	0.3094
-0.22754	-0.12651	0.22189
-0.22729	-0.13549	0.20727
-0.22705	-0.12057	0.19643
-0.22681	-0.09089	0.13312
-0.22656	-0.060776	0.17914
-0.22632	-0.058267	0.19791
-0.22607	-0.069719	0.18713
-0.22583	-0.10447	0.25915
-0.22559	-0.10788	0.25724
-0.22534	-0.089911	0.23721
-0.2251	-0.051152	0.25378
-0.22485	-0.03418	0.20367
-0.22461	-0.031577	0.14979
-0.22437	-0.049455	0.10487
-0.22412	-0.065079	0.044348
-0.22388	-0.062458	-0.0040037
-0.22363	-0.051642	-0.030689
-0.22339	-0.021045	-0.037341
-0.22314	-0.0098981	-0.056681
-0.2229	-0.010029	-0.052459
-0.22266	-0.033221	-0.028361
-0.22241	-0.03166	-0.047534
-0.22217	-0.021204	-0.051894
-0.22192	0.0094952	-0.06766
-0.22168	0.02109	-0.14028
-0.22144	0.012996	-0.19126
-0.22119	0.00036613	-0.24983
-0.22095	-0.01358	-0.33343
-0.2207	-0.002147	-0.38832
-0.22046	0.015963	-0.43056
-0.22021	0.054364	-0.46931
-0.21997	0.060312	-0.48917
-0.21973	0.052049	-0.47735
-0.21948	0.014468	-0.48768
-0.21924	0.0038222	-0.51787
-0.21899	0.011244	-0.51333
-0.21875	0.046482	-0.56276
-0.21851	0.075627	-0.62909
-0.21826	0.082443	-0.65585
-0.21802	0.073634	-0.75564
-0.21777	0.045682	-0.82824
-0.21753	0.033164	-0.84655
-0.21729	0.02979	-0.92275
-0.21704	0.062045	-0.94112
-0.2168	0.080009	-0.93816
-0.21655	0.088758	-0.98432
-0.21631	0.077181	-0.97065
-0.21606	0.06643	-0.97323
-0.21582	0.063887	-1.0091
-0.21558	0.072515	-1.0229
-0.21533	0.081251	-1.0683
-0.21509	0.081147	-1.1153
-0.21484	0.0813	-1.1582
-0.2146	0.070342	-1.2017
-0.21436	0.070817	-1.2345
-0.21411	0.077888	-1.2807
-0.21387	0.10167	-1.2858
-0.21362	0.11111	-1.2819
-0.21338	0.097771	-1.2947
-0.21313	0.072453	-1.2603
-0.21289	0.0564	-1.2566
-0.21265	0.061175	-1.2702
-0.2124	0.079332	-1.2379
-0.21216	0.10924	-1.2558
-0.21191	0.11715	-1.2855
-0.21167	0.1089	-1.2841
-0.21143	0.082205	-1.315
-0.21118	0.058366	-1.3302
-0.21094	0.048971	-1.3072
-0.21069	0.068839	-1.2969
-0.21045	0.095623	-1.2822
-0.21021	0.099484	-1.2364
-0.20996	0.0939	-1.1946
-0.20972	0.079336	-1.1627
-0.20947	0.0622	-1.1114
-0.20923	0.055464	-1.0867
-0.20898	0.055987	-1.0867
-0.20874	0.063238	-1.0514
-0.2085	0.061608	-1.0275
-0.20825	0.058451	-1.0122
-0.20801	0.048165	-0.96446
-0.20776	0.047393	-0.93396
-0.20752	0.053029	-0.89166
-0.20728	0.055849	-0.81635
-0.20703	0.04635	-0.7583
-0.20679	0.027075	-0.69716
-0.20654	0.017597	-0.63513
-0.2063	0.010938	-0.57658
-0.20605	0.022781	-0.51379
-0.20581	0.031631	-0.45849
-0.20557	0.046592	-0.39502
-0.20532	0.038061	-0.35099
-0.20508	0.021546	-0.30579
-0.20483	-0.0032028	-0.23292
-0.20459	-0.014186	-0.18871
-0.20435	-0.0052845	-0.12653
-0.2041	0.0078281	-0.045726
-0.20386	0.021292	0.0023445
-0.20361	0.01506	0.08912
-0.20337	0.0099419	0.18151
-0.20312	-0.0099372	0.23435
-0.20288	-0.017021	0.31442
-0.20264	-0.023784	0.3783
-0.20239	-0.016408	0.41867
-0.20215	-0.012821	0.48506
-0.2019	-0.015632	0.52805
-0.20166	-0.019128	0.56162
-0.20142	-0.026549	0.62229
-0.20117	-0.021101	0.68525
-0.20093	-0.026508	0.75607
-0.20068	-0.027405	0.8268
-0.20044	-0.041292	0.88096
-0.2002	-0.044307	0.9304
-0.19995	-0.053673	0.98285
-0.19971	-0.05085	1.0379
-0.19946	-0.04312	1.0771
-0.19922	-0.036215	1.0981
-0.19897	-0.033405	1.1207
-0.19873	-0.047667	1.1473
-0.19849	-0.060519	1.1905
-0.19824	-0.077969	1.2496
-0.198	-0.069451	1.2855
-0.19775	-0.068427	1.3009
-0.19751	-0.057914	1.3187
-0.19727	-0.056056	1.3334
-0.19702	-0.055282	1.3539
-0.19678	-0.065637	1.3852
-0.19653	-0.076672	1.3921
-0.19629	-0.079221	1.3835
-0.19604	-0.08415	1.3897
-0.1958	-0.07597	1.3892
-0.19556	-0.077871	1.3925
-0.19531	-0.075057	1.4074
-0.19507	-0.079555	1.3911
-0.19482	-0.073079	1.3639
-0.19458	-0.076286	1.3392
-0.19434	-0.080322	1.3021
-0.19409	-0.083195	1.2915
-0.19385	-0.092198	1.2984
-0.1936	-0.094377	1.2908
-0.19336	-0.096975	1.2755
-0.19312	-0.085507	1.2328
-0.19287	-0.080199	1.1788
-0.19263	-0.072678	1.1491
-0.19238	-0.080646	1.1271
-0.19214	-0.089278	1.0999
-0.19189	-0.096959	1.0499
-0.19165	-0.10022	0.97482
-0.19141	-0.094289	0.91986
-0.19116	-0.092841	0.89942
-0.19092	-0.081303	0.90451
-0.19067	-0.079639	0.90198
-0.19043	-0.078335	0.84436
-0.19019	-0.089616	0.7574
-0.18994	-0.090638	0.68294
-0.1897	-0.092894	0.63394
-0.18945	-0.094122	0.61992
-0.18921	-0.091376	0.59556
-0.18896	-0.090944	0.52545
-0.18872	-0.083709	0.45157
-0.18848	-0.080751	0.39687
-0.18823	-0.074052	0.37067
-0.18799	-0.082408	0.37457
-0.18774	-0.08344	0.35367
-0.1875	-0.088244	0.28633
-0.18726	-0.089061	0.20146
-0.18701	-0.086047	0.12284
-0.18677	-0.080792	0.084402
-0.18652	-0.069733	0.086421
-0.18628	-0.067996	0.080119
-0.18604	-0.064981	0.044847
-0.18579	-0.074728	-0.020314
-0.18555	-0.076141	-0.093129
-0.1853	-0.083164	-0.12522
-0.18506	-0.078663	-0.12296
-0.18481	-0.07101	-0.12518
-0.18457	-0.063588	-0.15863
-0.18433	-0.057012	-0.23504
-0.18408	-0.060805	-0.30701
-0.18384	-0.061166	-0.32142
-0.18359	-0.066835	-0.28711
-0.18335	-0.060315	-0.24739
-0.18311	-0.064034	-0.26324
-0.18286	-0.058846	-0.34291
-0.18262	-0.057027	-0.41851
-0.18237	-0.048784	-0.44245
-0.18213	-0.044268	-0.41067
-0.18188	-0.046604	-0.36504
-0.18164	-0.044132	-0.3759
-0.1814	-0.048999	-0.43736
-0.18115	-0.048348	-0.48334
-0.18091	-0.054026	-0.47708
-0.18066	-0.045096	-0.41754
-0.18042	-0.042579	-0.36268
-0.18018	-0.029449	-0.37756
-0.17993	-0.023698	-0.44458
-0.17969	-0.028549	-0.50581
-0.17944	-0.032765	-0.51031
-0.1792	-0.035762	-0.44871
-0.17896	-0.030465	-0.38103
-0.17871	-0.030798	-0.36282
-0.17847	-0.0014925	-0.39062
-0.17822	0.017166	-0.43157
-0.17798	0.043917	-0.42646
-0.17773	0.060887	-0.36286
-0.17749	0.082062	-0.29442
-0.17725	0.10168	-0.27434
-0.177	0.11871	-0.31145
-0.17676	0.1441	-0.36362
-0.17651	0.17181	-0.35871
-0.17627	0.20285	-0.2781
-0.17603	0.22601	-0.18109
-0.17578	0.25898	-0.13003
-0.17554	0.28037	-0.15675
-0.17529	0.30848	-0.21264
-0.17505	0.33763	-0.21303
-0.1748	0.34928	-0.14662
-0.17456	0.35861	-0.052625
-0.17432	0.37412	-0.0066132
-0.17407	0.40073	-0.038983
-0.17383	0.40987	-0.089102
-0.17358	0.42652	-0.080005
-0.17334	0.43497	0.0027649
-0.1731	0.44728	0.1071
-0.17285	0.45521	0.1558
-0.17261	0.47574	0.11887
-0.17236	0.48727	0.058791
-0.17212	0.50732	0.050983
-0.17188	0.52851	0.11833
-0.17163	0.54172	0.21985
-0.17139	0.55719	0.27257
-0.17114	0.5623	0.25403
-0.1709	0.57824	0.20768
-0.17065	0.59499	0.19782
-0.17041	0.61063	0.26281
-0.17017	0.62309	0.355
-0.16992	0.6474	0.40086
-0.16968	0.66128	0.37588
-0.16943	0.67793	0.3141
-0.16919	0.69999	0.28831
-0.16895	0.70313	0.34136
-0.1687	0.71668	0.43978
-0.16846	0.73137	0.50275
-0.16821	0.75185	0.49058
-0.16797	0.7691	0.42928
-0.16772	0.79161	0.39082
-0.16748	0.80178	0.42916
-0.16724	0.82261	0.51151
-0.16699	0.83675	0.56472
-0.16675	0.84607	0.5427
-0.1665	0.86266	0.46713
-0.16626	0.87112	0.42559
-0.16602	0.89015	0.46126
-0.16577	0.90978	0.54312
-0.16553	0.92851	0.6005
-0.16528	0.94103	0.57599
-0.16504	0.95964	0.49787
-0.16479	0.96696	0.44077
-0.16455	0.98177	0.45842
-0.16431	0.99367	0.52528
-0.16406	1.0042	0.56882
-0.16382	1.0219	0.54801
-0.16357	1.0373	0.47383
-0.16333	1.0568	0.41809
-0.16309	1.0705	0.42676
-0.16284	1.0807	0.4833
-0.1626	1.0956	0.52529
-0.16235	1.1092	0.4988
-0.16211	1.114	0.42791
-0.16187	1.1297	0.36068
-0.16162	1.1408	0.35538
-0.16138	1.1496	0.40828
-0.16113	1.175	0.45057
-0.16089	1.1853	0.44026
-0.16064	1.1945	0.36737
-0.1604	1.2023	0.2969
-0.16016	1.2165	0.28071
-0.15991	1.2271	0.31591
-0.15967	1.2375	0.3598
-0.15942	1.2388	0.3412
-0.15918	1.2594	0.27537
-0.15894	1.2644	0.20496
-0.15869	1.2743	0.19098
-0.15845	1.2961	0.24002
-0.1582	1.2985	0.27826
-0.15796	1.3019	0.2729
-0.15771	1.3172	0.20232
-0.15747	1.3206	0.12778
-0.15723	1.3265	0.10726
-0.15698	1.3391	0.13522
-0.15674	1.3416	0.17602
-0.15649	1.3542	0.16286
-0.15625	1.3617	0.11667
-0.15601	1.3649	0.059682
-0.15576	1.3816	0.044218
-0.15552	1.3763	0.086719
-0.15527	1.3855	0.11688
-0.15503	1.3977	0.12015
-0.15479	1.3931	0.066552
-0.15454	1.3938	0.0057343
-0.1543	1.4119	-0.016723
-0.15405	1.4081	-8.2091e-05
-0.15381	1.4212	0.047551
-0.15356	1.4289	0.048811
-0.15332	1.4302	0.022728
-0.15308	1.4428	-0.022717
-0.15283	1.4417	-0.043273
-0.15259	1.4469	-0.0058706
-0.15234	1.4535	0.022921
-0.1521	1.4479	0.042056
-0.15186	1.4626	0.00012995
-0.15161	1.4772	-0.054472
-0.15137	1.4645	-0.072286
-0.15112	1.4795	-0.059489
-0.15088	1.4899	-0.0075246
-0.15063	1.4813	-0.00258
-0.15039	1.4938	-0.020333
-0.15015	1.4977	-0.056173
-0.1499	1.4959	-0.079081
-0.14966	1.4951	-0.038645
-0.14941	1.4953	-0.0081388
-0.14917	1.5127	0.015272
-0.14893	1.5147	-0.017945
-0.14868	1.5054	-0.052456
-0.14844	1.528	-0.062975
-0.14819	1.5281	-0.061108
-0.14795	1.5121	-0.010042
-0.14771	1.536	-0.0060198
-0.14746	1.5344	-0.017492
-0.14722	1.5281	-0.037384
-0.14697	1.5409	-0.05627
-0.14673	1.5469	-0.026325
-0.14648	1.5539	-0.0052592
-0.14624	1.5672	0.0305
-0.146	1.5602	0.0058874
-0.14575	1.5987	-0.027455
-0.14551	1.589	-0.036831
-0.14526	1.5802	-0.047437
-0.14502	1.6223	-0.0067206
-0.14478	1.6161	-0.0030217
-0.14453	1.6071	-0.0019072
-0.14429	1.6538	-0.014342
-0.14404	1.6396	-0.032936
-0.1438	1.652	0.0061801
-0.14355	1.6705	0.020858
-0.14331	1.6659	0.057697
-0.14307	1.6906	0.046048
-0.14282	1.6827	0.015443
-0.14258	1.6627	0.0068696
-0.14233	1.7217	-0.010656
-0.14209	1.6778	0.027529
-0.14185	1.6881	0.027651
-0.1416	1.731	0.032787
-0.14136	1.6918	0.030094
-0.14111	1.7065	0.013731
-0.14087	1.7408	0.053528
-0.14062	1.6961	0.059038
-0.14038	1.7395	0.092581
-0.14014	1.7271	0.082064
-0.13989	1.7172	0.053908
-0.13965	1.7689	0.051163
-0.1394	1.7231	0.024249
-0.13916	1.745	0.05606
-0.13892	1.7865	0.053946
-0.13867	1.7318	0.062282
-0.13843	1.7735	0.068886
-0.13818	1.7952	0.053385
-0.13794	1.7372	0.092971
-0.1377	1.806	0.090642
-0.13745	1.783	0.12357
-0.13721	1.7667	0.11768
-0.13696	1.8194	0.090076
-0.13672	1.779	0.090518
-0.13647	1.7943	0.054459
-0.13623	1.8371	0.081823
-0.13599	1.7646	0.076285
-0.13574	1.8313	0.083524
-0.1355	1.8273	0.095713
-0.13525	1.7756	0.076525
-0.13501	1.8509	0.1187
-0.13477	1.8178	0.11466
-0.13452	1.7872	0.14641
-0.13428	1.863	0.14552
-0.13403	1.8025	0.12005
-0.13379	1.8205	0.12737
-0.13354	1.8637	0.089502
-0.1333	1.7819	0.11693
-0.13306	1.8561	0.11038
-0.13281	1.841	0.11643
-0.13257	1.7906	0.13779
-0.13232	1.8744	0.12236
-0.13208	1.8183	0.17151
-0.13184	1.7871	0.17142
-0.13159	1.8862	0.20569
-0.13135	1.7835	0.21738
-0.1311	1.8197	0.19939
-0.13086	1.856	0.21585
-0.13062	1.7682	0.18053
-0.13037	1.841	0.20603
-0.13013	1.8195	0.19832
-0.12988	1.7571	0.2042
-0.12964	1.8544	0.23426
-0.12939	1.768	0.21844
-0.12915	1.7563	0.26955
-0.12891	1.8468	0.27327
-0.12866	1.715	0.30935
-0.12842	1.783	0.33265
-0.12817	1.7972	0.3191
-0.12793	1.7027	0.3442
-0.12769	1.7803	0.30899
-0.12744	1.7555	0.32859
-0.1272	1.6737	0.32496
-0.12695	1.7848	0.32602
-0.12671	1.6643	0.35491
-0.12646	1.6893	0.34026
-0.12622	1.7384	0.39095
-0.12598	1.6191	0.39566
-0.12573	1.6777	0.43151
-0.12549	1.6917	0.46249
-0.12524	1.5673	0.44876
-0.125	1.6762	0.47807
-0.12476	1.6147	0.44527
-0.12451	1.5443	0.45789
-0.12427	1.6418	0.45391
-0.12402	1.5212	0.44453
-0.12378	1.5416	0.47014
-0.12354	1.5891	0.45277
-0.12329	1.4657	0.49423
-0.12305	1.5215	0.50091
-0.1228	1.528	0.53082
-0.12256	1.39	0.56426
-0.12231	1.5288	0.55435
-0.12207	1.4239	0.58473
-0.12183	1.3725	0.55598
-0.12158	1.4603	0.56375
-0.12134	1.3466	0.55773
-0.12109	1.3443	0.54102
-0.12085	1.4149	0.56453
-0.12061	1.2528	0.54127
-0.12036	1.3454	0.57015
-0.12012	1.311	0.57904
-0.11987	1.1954	0.59884
-0.11963	1.3232	0.63402
-0.11938	1.2037	0.63187
-0.11914	1.1587	0.66135
-0.1189	1.2548	0.64013
-0.11865	1.1137	0.64579
-0.11841	1.1319	0.64266
-0.11816	1.1871	0.62304
-0.11792	1.0089	0.64181
-0.11768	1.1257	0.61799
-0.11743	1.0568	0.64018
-0.11719	0.97422	0.65081
-0.11694	1.0713	0.6655
-0.1167	0.95707	0.70582
-0.11646	0.91523	0.70985
-0.11621	1.0181	0.74101
-0.11597	0.85354	0.73582
-0.11572	0.90976	0.73999
-0.11548	0.92346	0.74294
-0.11523	0.77929	0.72731
-0.11499	0.87829	0.73726
-0.11475	0.81319	0.71734
-0.1145	0.73776	0.72983
-0.11426	0.823	0.73182
-0.11401	0.70705	0.74058
-0.11377	0.66881	0.77413
-0.11353	0.76817	0.77256
-0.11328	0.59431	0.79952
-0.11304	0.66302	0.80239
-0.11279	0.64298	0.7981
-0.11255	0.52388	0.80143
-0.1123	0.59329	0.78593
-0.11206	0.55629	0.78422
-0.11182	0.44351	0.7612
-0.11157	0.55362	0.75391
-0.11133	0.41611	0.74739
-0.11108	0.4133	0.74346
-0.11084	0.48251	0.76049
-0.1106	0.33471	0.76308
-0.11035	0.39075	0.78294
-0.11011	0.38491	0.78181
-0.10986	0.25853	0.78063
-0.10962	0.35355	0.78711
-0.10938	0.30014	0.76603
-0.10913	0.20277	0.76062
-0.10889	0.32636	0.74082
-0.10864	0.17259	0.7173
-0.1084	0.20606	0.70617
-0.10815	0.24752	0.69529
-0.10791	0.12174	0.69956
-0.10767	0.16483	0.70351
-0.10742	0.17154	0.71485
-0.10718	0.035592	0.71823
-0.10693	0.16201	0.72019
-0.10669	0.073225	0.72263
-0.10645	0.024723	0.70962
-0.1062	0.10691	0.70391
-0.10596	-0.0092361	0.68181
-0.10571	0.013629	0.65763
-0.10547	0.052593	0.6442
-0.10522	-0.062308	0.62458
-0.10498	-0.012083	0.62346
-0.10474	-0.018348	0.6259
-0.10449	-0.12295	0.62565
-0.10425	-0.0041732	0.63407
-0.104	-0.098878	0.63445
-0.10376	-0.11935	0.63455
-0.10352	-0.065598	0.63365
-0.10327	-0.14565	0.62465
-0.10303	-0.14454	0.60576
-0.10278	-0.080294	0.58614
-0.10254	-0.20828	0.5662
-0.10229	-0.13782	0.54452
-0.10205	-0.15332	0.53868
-0.10181	-0.22328	0.53305
-0.10156	-0.13316	0.52777
-0.10132	-0.19566	0.53266
-0.10107	-0.24146	0.52875
-0.10083	-0.16573	0.53331
-0.10059	-0.24215	0.53672
-0.10034	-0.23732	0.5254
-0.1001	-0.16979	0.51609
-0.099854	-0.29917	0.49444
-0.099609	-0.21444	0.46859
-0.099365	-0.23613	0.45083
-0.099121	-0.28011	0.43434
-0.098877	-0.21647	0.42253
-0.098633	-0.26716	0.41436
-0.098389	-0.3185	0.41116
-0.098145	-0.21875	0.40805
-0.0979	-0.32282	0.41428
-0.097656	-0.2719	0.41544
-0.097412	-0.24915	0.41039
-0.097168	-0.3445	0.40355
-0.096924	-0.26883	0.3776
-0.09668	-0.27472	0.35603
-0.096436	-0.33012	0.33852
-0.096191	-0.26008	0.31467
-0.095947	-0.31642	0.30424
-0.095703	-0.34933	0.29329
-0.095459	-0.25318	0.28216
-0.095215	-0.34766	0.28108
-0.094971	-0.29748	0.28272
-0.094727	-0.29527	0.28584
-0.094482	-0.34445	0.28164
-0.094238	-0.29718	0.27039
-0.093994	-0.28103	0.24971
-0.09375	-0.34944	0.23052
-0.093506	-0.2685	0.20939
-0.093262	-0.33023	0.19226
-0.093018	-0.3186	0.18279
-0.092773	-0.2654	0.16176
-0.092529	-0.32021	0.15069
-0.092285	-0.29719	0.14751
-0.092041	-0.27485	0.14131
-0.091797	-0.32792	0.1439
-0.091553	-0.27331	0.1399
-0.091309	-0.26352	0.12639
-0.091064	-0.32795	0.11162
-0.09082	-0.23795	0.094164
-0.090576	-0.29575	0.080479
-0.090332	-0.28248	0.067546
-0.090088	-0.23311	0.052708
-0.089844	-0.27719	0.034265
-0.0896	-0.27546	0.020467
-0.089355	-0.22445	0.0082585
-0.089111	-0.30592	0.0016038
-0.088867	-0.2343	0.0053137
-0.088623	-0.24842	-0.0037379
-0.088379	-0.27399	-0.0097415
-0.088135	-0.21946	-0.019728
-0.087891	-0.24649	-0.033839
-0.087646	-0.24787	-0.042245
-0.087402	-0.19675	-0.052795
-0.087158	-0.23866	-0.067722
-0.086914	-0.22333	-0.085117
-0.08667	-0.19751	-0.10349
-0.086426	-0.26187	-0.11562
-0.086182	-0.18498	-0.11795
-0.085938	-0.21561	-0.11848
-0.085693	-0.22437	-0.12111
-0.085449	-0.18329	-0.1221
-0.085205	-0.19814	-0.12936
-0.084961	-0.2046	-0.13771
-0.084717	-0.12845	-0.14176
-0.084473	-0.19721	-0.15442
-0.084229	-0.15715	-0.16645
-0.083984	-0.14904	-0.18127
-0.08374	-0.17101	-0.19771
-0.083496	-0.13049	-0.20451
-0.083252	-0.12914	-0.20703
-0.083008	-0.16494	-0.20652
-0.082764	-0.1231	-0.20668
-0.08252	-0.11634	-0.21111
-0.082275	-0.10125	-0.21956
-0.082031	-0.036302	-0.22468
-0.081787	-0.063882	-0.23356
-0.081543	-0.0098856	-0.24619
-0.081299	0.034216	-0.25883
-0.081055	0.059352	-0.27524
-0.080811	0.12292	-0.28754
-0.080566	0.15265	-0.29233
-0.080322	0.15286	-0.29902
-0.080078	0.26095	-0.30288
-0.079834	0.26522	-0.30903
-0.07959	0.34987	-0.31976
-0.079346	0.41866	-0.32754
-0.079102	0.44786	-0.33719
-0.078857	0.531	-0.34661
-0.078613	0.60845	-0.3575
-0.078369	0.63954	-0.36782
-0.078125	0.70735	-0.38041
-0.077881	0.74662	-0.38549
-0.077637	0.75231	-0.39002
-0.077393	0.82408	-0.3943
-0.077148	0.83306	-0.39771
-0.076904	0.8497	-0.40712
-0.07666	0.88104	-0.41359
-0.076416	0.887	-0.41872
-0.076172	0.90433	-0.42351
-0.075928	0.93434	-0.42587
-0.075684	0.89165	-0.42729
-0.075439	0.91951	-0.43234
-0.075195	0.85892	-0.43352
-0.074951	0.84771	-0.43295
-0.074707	0.81273	-0.43235
-0.074463	0.74111	-0.43082
-0.074219	0.69198	-0.43132
-0.073975	0.63191	-0.43179
-0.07373	0.54876	-0.42872
-0.073486	0.48797	-0.42191
-0.073242	0.4141	-0.41471
-0.072998	0.31687	-0.40186
-0.072754	0.23169	-0.39563
-0.07251	0.14881	-0.38674
-0.072266	0.018113	-0.37864
-0.072021	-0.071068	-0.37097
-0.071777	-0.18718	-0.36099
-0.071533	-0.33965	-0.35226
-0.071289	-0.43236	-0.34378
-0.071045	-0.60341	-0.33408
-0.070801	-0.70249	-0.3195
-0.070557	-0.82301	-0.30433
-0.070312	-0.9489	-0.28616
-0.070068	-1.0364	-0.27059
-0.069824	-1.1659	-0.25833
-0.06958	-1.2387	-0.24556
-0.069336	-1.3262	-0.23541
-0.069092	-1.418	-0.22345
-0.068848	-1.4874	-0.2089
-0.068604	-1.5782	-0.19668
-0.068359	-1.6319	-0.18186
-0.068115	-1.6749	-0.16652
-0.067871	-1.7019	-0.14955
-0.067627	-1.72	-0.13309
-0.067383	-1.7252	-0.11825
-0.067139	-1.6707	-0.10818
-0.066895	-1.6662	-0.1024
-0.06665	-1.5544	-0.096771
-0.066406	-1.5142	-0.093594
-0.066162	-1.4289	-0.086291
-0.065918	-1.305	-0.081141
-0.065674	-1.2089	-0.075513
-0.06543	-1.0531	-0.070269
-0.065186	-0.91454	-0.065902
-0.064941	-0.76152	-0.063258
-0.064697	-0.55337	-0.061559
-0.064453	-0.38233	-0.064144
-0.064209	-0.11176	-0.071576
-0.063965	0.071067	-0.079157
-0.063721	0.32812	-0.090332
-0.063477	0.57204	-0.098445
-0.063232	0.80829	-0.10826
-0.062988	1.0799	-0.11842
-0.062744	1.2906	-0.13256
-0.0625	1.5416	-0.14783
-0.062256	1.7567	-0.167
-0.062012	1.9783	-0.18686
-0.061768	2.2317	-0.20938
-0.061523	2.3875	-0.2354
-0.061279	2.6458	-0.25945
-0.061035	2.7932	-0.28526
-0.060791	2.9911	-0.30905
-0.060547	3.159	-0.33006
-0.060303	3.2603	-0.3512
-0.060059	3.4012	-0.37188
-0.059814	3.447	-0.39316
-0.05957	3.5155	-0.41391
-0.059326	3.5428	-0.43278
-0.059082	3.5057	-0.44982
-0.058838	3.5254	-0.46358
-0.058594	3.4011	-0.47607
-0.05835	3.3851	-0.4838
-0.058105	3.2308	-0.48997
-0.057861	3.1034	-0.49222
-0.057617	2.9519	-0.49162
-0.057373	2.7201	-0.49247
-0.057129	2.5323	-0.48818
-0.056885	2.2436	-0.48565
-0.056641	1.9672	-0.47878
-0.056396	1.6749	-0.46898
-0.056152	1.2949	-0.45483
-0.055908	1.0285	-0.43726
-0.055664	0.58814	-0.41694
-0.05542	0.28097	-0.3918
-0.055176	-0.1212	-0.36675
-0.054932	-0.4992	-0.33726
-0.054688	-0.84855	-0.30912
-0.054443	-1.2654	-0.28016
-0.054199	-1.6071	-0.24925
-0.053955	-2.005	-0.22055
-0.053711	-2.3668	-0.18847
-0.053467	-2.6893	-0.15985
-0.053223	-3.1064	-0.13032
-0.052979	-3.346	-0.10206
-0.052734	-3.7132	-0.075385
-0.05249	-3.9151	-0.050708
-0.052246	-4.1531	-0.028541
-0.052002	-4.3462	-0.0053965
-0.051758	-4.4526	0.012294
-0.051514	-4.5948	0.031231
-0.05127	-4.6134	0.048354
-0.051025	-4.638	0.065141
-0.050781	-4.6424	0.084597
-0.050537	-4.5044	0.072881
-0.050293	-4.4713	0.064424
-0.050049	-4.2178	0.054539
-0.049805	-4.0687	0.048776
-0.049561	-3.7671	0.041928
-0.049316	-3.4561	0.037484
-0.049072	-3.1272	0.033359
-0.048828	-2.6809	0.028863
-0.048584	-2.2798	0.026141
-0.04834	-1.7854	0.018071
-0.048096	-1.2621	0.012572
-0.047852	-0.78379	0.0050206
-0.047607	-0.14834	-0.0046733
-0.047363	0.32184	-0.015151
-0.047119	0.98011	-0.028188
-0.046875	1.4863	-0.013896
-0.046631	2.0666	-0.00063203
-0.046387	2.6258	0.01113
-0.046143	3.1149	0.020716
-0.045898	3.6482	0.030594
-0.045654	4.0544	0.037161
-0.04541	4.4489	0.040502
-0.045166	4.8219	0.042242
-0.044922	5.0223	0.037477
-0.044678	5.3267	0.029618
-0.044434	5.3638	0.013461
-0.044189	5.5273	-0.011909
-0.043945	5.5158	-0.045562
-0.043701	5.4978	-0.090227
-0.043457	5.4527	-0.14584
-0.043213	5.2964	-0.2148
-0.042969	5.1973	-0.29274
-0.042725	5.0053	-0.38271
-0.04248	4.781	-0.47984
-0.042236	4.6027	-0.58308
-0.041992	4.2609	-0.69169
-0.041748	4.0836	-0.7948
-0.041504	3.6867	-0.89676
-0.04126	3.4152	-0.98837
-0.041016	3.026	-1.0656
-0.040771	2.6353	-1.128
-0.040527	2.2533	-1.1693
-0.040283	1.765	-1.1912
-0.040039	1.3351	-1.1922
-0.039795	0.8518	-1.1724
-0.039551	0.32731	-1.1325
-0.039307	-0.10646	-1.0797
-0.039062	-0.69626	-1.0152
-0.038818	-1.0864	-0.94402
-0.038574	-1.6243	-0.87464
-0.03833	-2.0182	-0.80752
-0.038086	-2.436	-0.75505
-0.037842	-2.8114	-0.71583
-0.037598	-3.0819	-0.69612
-0.037354	-3.3835	-0.6993
-0.037109	-3.5949	-0.72498
-0.036865	-3.7651	-0.77394
-0.036621	-3.949	-0.84184
-0.036377	-3.9959	-0.92957
-0.036133	-4.1809	-1.0296
-0.035889	-4.1986	-1.1412
-0.035645	-4.3362	-1.2568
-0.0354	-4.3887	-1.3712
-0.035156	-4.4704	-1.4823
-0.034912	-4.5889	-1.583
-0.034668	-4.6329	-1.671
-0.034424	-4.7202	-1.7422
-0.03418	-4.763	-1.7988
-0.033936	-4.7583	-1.8353
-0.033691	-4.7928	-1.8575
-0.033447	-4.6418	-1.8624
-0.033203	-4.5764	-1.8514
-0.032959	-4.3386	-1.8287
-0.032715	-4.1251	-1.7879
-0.032471	-3.818	-1.7338
-0.032227	-3.441	-1.6612
-0.031982	-3.082	-1.5685
-0.031738	-2.645	-1.4528
-0.031494	-2.2174	-1.3088
-0.03125	-1.776	-1.1332
-0.031006	-1.2908	-0.92252
-0.030762	-0.91876	-0.6746
-0.030518	-0.44026	-0.38492
-0.030273	-0.093019	-0.054543
-0.030029	0.33893	0.31306
-0.029785	0.69339	0.71576
-0.029541	1.048	1.1434
-0.029297	1.4708	1.5852
-0.029053	1.8648	2.0315
-0.028809	2.3363	2.4612
-0.028564	2.8248	2.8614
-0.02832	3.3365	3.2159
-0.028076	3.9885	3.5011
-0.027832	4.5577	3.7067
-0.027588	5.2423	3.8168
-0.027344	5.8299	3.815
-0.0271	6.4446	3.702
-0.026855	6.9756	3.4637
-0.026611	7.3698	3.1008
-0.026367	7.6454	2.6263
-0.026123	7.7341	2.035
-0.025879	7.6818	1.3495
-0.025635	7.4205	0.58279
-0.025391	6.9217	-0.25248
-0.025146	6.306	-1.1273
-0.024902	5.452	-2.0251
-0.024658	4.559	-2.925
-0.024414	3.4529	-3.7986
-0.02417	2.3112	-4.6294
-0.023926	1.145	-5.4006
-0.023682	-0.07345	-6.0836
-0.023438	-1.2261	-6.6725
-0.023193	-2.4079	-7.1464
-0.022949	-3.5212	-7.4904
-0.022705	-4.5151	-7.7065
-0.022461	-5.517	-7.7767
-0.022217	-6.3973	-7.7002
-0.021973	-7.2714	-7.4763
-0.021729	-8.0242	-7.102
-0.021484	-8.7367	-6.5794
-0.02124	-9.4002	-5.9186
-0.020996	-9.9898	-5.1172
-0.020752	-10.493	-4.1874
-0.020508	-10.834	-3.1506
-0.020264	-11.061	-2.0085
-0.02002	-11.117	-0.79705
-0.019775	-10.927	0.46121
-0.019531	-10.506	1.7485
-0.019287	-9.7454	3.0205
-0.019043	-8.7951	4.2564
-0.018799	-7.5251	5.4276
-0.018555	-5.9671	6.521
-0.018311	-4.2033	7.483
-0.018066	-2.2628	8.2828
-0.017822	-0.30085	8.8989
-0.017578	1.6866	9.3034
-0.017334	3.5988	9.5087
-0.01709	5.3031	9.4515
-0.016846	6.7661	9.2095
-0.016602	7.8711	8.7135
-0.016357	8.6946	8.0295
-0.016113	9.1069	7.1612
-0.015869	9.138	6.1152
-0.015625	8.8026	4.9549
-0.015381	8.167	3.6719
-0.015137	7.3122	2.3394
-0.014893	6.1997	0.91099
-0.014648	4.9244	-0.48284
-0.014404	3.5896	-1.8865
-0.01416	2.2302	-3.2043
-0.013916	0.93463	-4.4438
-0.013672	-0.37595	-5.6001
-0.013428	-1.5752	-6.5793
-0.013184	-2.6853	-7.4801
-0.012939	-3.7037	-8.1587
-0.012695	-4.6735	-8.7199
-0.012451	-5.634	-9.0545
-0.012207	-6.5235	-9.23
-0.011963	-7.3673	-9.1758
-0.011719	-8.1871	-8.9336
-0.011475	-8.9567	-8.4889
-0.01123	-9.6509	-7.8022
-0.010986	-10.142	-6.98
-0.010742	-10.457	-5.8716
-0.010498	-10.527	-4.6792
-0.010254	-10.298	-3.2521
-0.01001	-9.7092	-1.7447
-0.0097656	-8.706	-0.11206
-0.0095215	-7.3869	1.5722
-0.0092773	-5.729	3.269
-0.0090332	-3.8002	4.953
-0.0087891	-1.6384	6.5057
-0.0085449	0.61151	8.0043
-0.0083008	2.825	9.2112
-0.0080566	4.916	10.309
-0.0078125	6.8076	11.044
-0.0075684	8.3632	11.546
-0.0073242	9.5091	11.714
-0.0070801	10.155	11.546
-0.0068359	10.377	11.103
-0.0065918	10.13	10.31
-0.0063477	9.4682	9.3158
-0.0061035	8.413	7.9996
-0.0058594	7.0897	6.6142
-0.0056152	5.6142	4.9696
-0.0053711	4.0335	3.3721
-0.005127	2.4428	1.6722
-0.0048828	0.91364	0.038512
-0.0046387	-0.44775	-1.4847
-0.0043945	-1.6307	-2.9534
-0.0041504	-2.6493	-4.1572
-0.0039062	-3.5259	-5.2849
-0.0036621	-4.225	-6.0874
-0.003418	-4.8227	-6.8084
-0.0031738	-5.3127	-7.1901
-0.0029297	-5.8305	-7.4965
-0.0026855	-6.2814	-7.5237
-0.0024414	-6.7588	-7.4186
-0.0021973	-7.1796	-7.2033
-0.0019531	-7.6419	-6.7578
-0.001709	-8.0112	-6.3549
-0.0014648	-8.2897	-5.6924
-0.0012207	-8.3538	-5.1118
-0.00097656	-8.2598	-4.3132
-0.00073242	-7.886	-3.5891
-0.00048828	-7.2666	-2.6998
-0.00024414	-6.3057	-1.8403
0	-5.1238	-0.92046
0.00024414	-3.7059	0.092522
0.00048828	-2.1442	0.98957
0.00073242	-0.46273	2.09
0.00097656	1.2239	2.9608
0.0012207	2.7945	4.0118
0.0014648	4.1874	4.8378
0.001709	5.3252	5.7195
0.0019531	6.1962	6.4127
0.0021973	6.6931	7.0225
0.0024414	6.8672	7.5005
0.0026855	6.6761	7.7301
0.0029297	6.2592	7.9449
0.0031738	5.5496	7.7479
0.003418	4.7203	7.624
0.0036621	3.7245	7.0705
0.0039062	2.8078	6.5556
0.0041504	1.8587	5.7697
0.0043945	1.0863	4.9279
0.0046387	0.34716	4.0041
0.0048828	-0.15819	2.9645
0.005127	-0.58947	2.0238
0.0053711	-0.83115	0.91204
0.0056152	-1.0605	0.087737
0.0058594	-1.1694	-0.95552
0.0061035	-1.3052	-1.624
0.0063477	-1.4074	-2.42
0.0065918	-1.6163	-2.949
0.0068359	-1.8541	-3.3952
0.0070801	-2.1746	-3.7585
0.0073242	-2.5162	-3.8732
0.0075684	-2.8827	-4.0441
0.0078125	-3.2447	-3.8813
0.0080566	-3.5124	-3.8857
0.0083008	-3.7026	-3.5057
0.0085449	-3.7043	-3.342
0.0087891	-3.6145	-2.8684
0.0090332	-3.2821	-2.498
0.0092773	-2.8504	-2.0477
0.0095215	-2.1738	-1.4817
0.0097656	-1.4884	-1.0773
0.01001	-0.63288	-0.41478
0.010254	0.13091	-0.032805
0.010498	0.98179	0.63369
0.010742	1.64	0.98339
0.010986	2.2916	1.5816
0.01123	2.6877	1.914
0.011475	3.0458	2.3413
0.011719	3.131	2.6964
0.011963	3.1661	2.8792
0.012207	2.9635	3.2314
0.012451	2.7572	3.2049
0.012695	2.4074	3.4556
0.012939	2.0996	3.2985
0.013184	1.7402	3.3784
0.013428	1.4534	3.132
0.013672	1.2027	3.0305
0.013916	1.0179	2.7634
0.01416	0.90177	2.4555
0.014404	0.81646	2.2518
0.014648	0.82113	1.7458
0.014893	0.78016	1.5892
0.015137	0.81047	1.0114
0.015381	0.70525	0.83137
0.015625	0.6697	0.31509
0.015869	0.45309	0.062862
0.016113	0.30694	-0.33922
0.016357	-0.025127	-0.66132
0.016602	-0.25116	-0.90459
0.016846	-0.62271	-1.2911
0.01709	-0.81527	-1.3433
0.017334	-1.1357	-1.7703
0.017578	-1.2268	-1.7124
0.017822	-1.3991	-2.048
0.018066	-1.3078	-1.9872
0.018311	-1.2721	-2.1071
0.018555	-0.99757	-2.0784
0.018799	-0.79344	-1.9764
0.019043	-0.41623	-1.9614
0.019287	-0.12841	-1.6523
0.019531	0.23495	-1.631
0.019775	0.52012	-1.1538
0.02002	0.78553	-1.0941
0.020264	0.98023	-0.56609
0.020508	1.1051	-0.37795
0.020752	1.1645	0.048679
0.020996	1.1368	0.4122
0.02124	1.0921	0.67188
0.021484	0.94899	1.1306
0.021729	0.87209	1.2518
0.021973	0.68612	1.7112
0.022217	0.6537	1.7101
0.022461	0.48904	2.0861
0.022705	0.53096	1.9914
0.022949	0.42051	2.1767
0.023193	0.54578	2.1074
0.023438	0.50484	2.0328
0.023682	0.6744	2.0364
0.023926	0.66503	1.7162
0.02417	0.79996	1.73
0.024414	0.74708	1.288
0.024658	0.81995	1.2642
0.024902	0.68129	0.80992
0.025146	0.67632	0.7154
0.025391	0.4605	0.31741
0.025635	0.39496	0.10245
0.025879	0.18066	-0.12066
0.026123	0.089967	-0.48089
0.026367	-0.064303	-0.51189
0.026611	-0.1412	-0.94236
0.026855	-0.18377	-0.88661
0.0271	-0.18233	-1.258
0.027344	-0.099164	-1.2027
0.027588	-0.017209	-1.4477
0.027832	0.13931	-1.4418
0.028076	0.25471	-1.5221
0.02832	0.43154	-1.5867
0.028564	0.51029	-1.4547
0.028809	0.65992	-1.6207
0.029053	0.64439	-1.3301
0.029297	0.74111	-1.5154
0.029541	0.601	-1.1979
0.029785	0.63845	-1.2456
0.030029	0.40522	-0.99517
0.030273	0.38984	-0.89359
0.030518	0.15643	-0.75025
0.030762	0.12172	-0.50615
0.031006	-0.041434	-0.46565
0.03125	-0.042381	-0.086104
0.031494	-0.13992	-0.13306
0.031738	-0.05995	0.27754
0.031982	-0.10763	0.21501
0.032227	0.066262	0.52989
0.032471	0.0793	0.56729
0.032715	0.27004	0.69827
0.032959	0.31227	0.8313
0.033203	0.44195	0.79566
0.033447	0.48094	0.9799
0.033691	0.51167	0.81288
0.033936	0.52185	1.0198
0.03418	0.44669	0.7433
0.034424	0.42821	0.87529
0.034668	0.30556	0.6348
0.034912	0.25692	0.61652
0.035156	0.14424	0.4953
0.0354	0.073497	0.28715
0.035645	-0.0047473	0.25108
0.035889	-0.00097695	-0.071779
0.036133	-0.061308	-0.037906
0.036377	0.067464	-0.36646
0.036621	-0.0084739	-0.31069
0.036865	0.17951	-0.6323
0.037109	0.10943	-0.61986
0.037354	0.27628	-0.80226
0.037598	0.22508	-0.88298
0.037842	0.30575	-0.86657
0.038086	0.23479	-1.0471
0.03833	0.23498	-0.91728
0.038574	0.11273	-1.1141
0.038818	0.06713	-0.91171
0.039062	-0.11245	-1.0647
0.039307	-0.1587	-0.88598
0.039551	-0.34818	-0.94646
0.039795	-0.34428	-0.83107
0.040039	-0.49438	-0.74959
0.040283	-0.46666	-0.74258
0.040527	-0.5132	-0.53877
0.040771	-0.49904	-0.64637
0.041016	-0.40622	-0.39428
0.04126	-0.39699	-0.47531
0.041504	-0.23404	-0.24181
0.041748	-0.18382	-0.29646
0.041992	-0.06709	-0.15705
0.042236	0.025119	-0.15764
0.04248	0.066803	-0.11947
0.042725	0.12207	0.019148
0.042969	0.17321	-0.049164
0.043213	0.11712	0.14145
0.043457	0.20296	-0.013489
0.043701	0.071462	0.18124
0.043945	0.16413	0.067883
0.044189	0.017203	0.19252
0.044434	0.10436	0.15513
0.044678	-0.0027726	0.17193
0.044922	0.08682	0.17946
0.045166	0.069258	0.11629
0.04541	0.11912	0.20444
0.045654	0.16151	0.024335
0.045898	0.20122	0.1334
0.046143	0.22585	-0.039207
0.046387	0.34286	0.060574
0.046631	0.26488	-0.066328
0.046875	0.41917	-0.06396
0.047119	0.30781	-0.16264
0.047363	0.36892	-0.27406
0.047607	0.33844	-0.25036
0.047852	0.25486	-0.36735
0.048096	0.28136	-0.28716
0.04834	0.16769	-0.48083
0.048584	0.18963	-0.41894
0.048828	0.12912	-0.59241
0.049072	0.12365	-0.53497
0.049316	0.10933	-0.54709
0.049561	0.10208	-0.53699
0.049805	0.1368	-0.53476
0.050049	0.15207	-0.6032
0.050293	0.18459	-0.52177
0.050537	0.26172	-0.60774
0.050781	0.21388	-0.46236
0.051025	0.37648	-0.51717
0.05127	0.24356	-0.37454
0.051514	0.40897	-0.41795
0.051758	0.30996	-0.33669
0.052002	0.35344	-0.32339
0.052246	0.36279	-0.34358
0.05249	0.29461	-0.23338
0.052734	0.31676	-0.22733
0.052979	0.28345	-0.093314
0.053223	0.21381	-0.15994
0.053467	0.28143	-0.078111
0.053711	0.16132	-0.1793
0.053955	0.26408	-0.10696
0.054199	0.18861	-0.065108
0.054443	0.24268	0.0087389
0.054688	0.23574	0.02596
0.054932	0.22851	-0.043956
0.055176	0.2851	-0.017966
0.05542	0.22914	-0.11557
0.055664	0.32391	-0.014955
0.055908	0.24395	-0.041063
0.056152	0.29829	0.043674
0.056396	0.28398	-0.04788
0.056641	0.22788	-0.042045
0.056885	0.29133	-0.085795
0.057129	0.20992	-0.13695
0.057373	0.21689	-0.08399
0.057617	0.26797	-0.097
0.057861	0.13808	-0.038775
0.058105	0.28864	-0.12839
0.05835	0.14351	-0.11549
0.058594	0.24821	-0.24007
0.058838	0.22152	-0.23462
0.059082	0.23723	-0.22262
0.059326	0.28124	-0.14695
0.05957	0.27284	-0.15074
0.059814	0.31116	-0.22012
0.060059	0.32461	-0.24446
0.060303	0.33886	-0.35327
0.060547	0.37458	-0.28516
0.060791	0.33376	-0.24907
0.061035	0.42449	-0.15521
0.061279	0.32892	-0.21743
0.061523	0.41244	-0.23512
0.061768	0.35659	-0.2814
0.062012	0.31116	-0.30832
0.062256	0.38665	-0.23699
0.0625	0.24442	-0.17887
0.062744	0.34239	-0.1098
0.062988	0.25831	-0.16424
0.063232	0.24546	-0.15407
0.063477	0.27937	-0.24667
0.063721	0.20021	-0.23972
0.063965	0.23785	-0.19699
0.064209	0.209	-0.072318
0.064453	0.17867	-0.053658
0.064697	0.22484	-0.093238
0.064941	0.14007	-0.14058
0.065186	0.2051	-0.25069
0.06543	0.10834	-0.20547
0.065674	0.16883	-0.11974
0.065918	0.09617	-0.0075849
0.066162	0.10862	-0.053679
0.066406	0.097942	-0.11425
0.06665	0.04133	-0.1988
0.066895	0.099326	-0.23366
0.067139	0.033135	-0.16223
0.067383	0.051192	-0.05237
0.067627	0.077818	0.004584
0.067871	0.0163	-0.0665
0.068115	0.12897	-0.088456
0.068359	0.066367	-0.17956
0.068604	0.11774	-0.17622
0.068848	0.15629	-0.12102
0.069092	0.11897	2.3479e-05
0.069336	0.22891	0.025141
0.06958	0.17588	-0.0004965
0.069824	0.24263	-0.050512
0.070068	0.23937	-0.14778
0.070312	0.25423	-0.14229
0.070557	0.26117	-0.037178
0.070801	0.23417	0.10028
0.071045	0.22451	0.091118
0.071289	0.18273	0.03026
0.071533	0.16385	-0.097319
0.071777	0.12734	-0.18619
0.072021	0.048421	-0.14127
0.072266	0.078245	0.011365
0.07251	-0.035211	0.076288
0.072754	0.017021	-0.0043975
0.072998	-0.042691	-0.12806
0.073242	-0.064925	-0.27729
0.073486	-0.0099867	-0.32206
0.07373	-0.059723	-0.25536
0.073975	-0.00039217	-0.14524
0.074219	-0.0041374	-0.16835
0.074463	-0.015187	-0.2465
0.074707	0.041096	-0.32794
0.074951	0.018995	-0.4151
0.075195	0.054484	-0.3937
0.075439	0.051737	-0.27313
0.075684	0.055126	-0.15078
0.075928	0.069149	-0.1611
0.076172	0.051446	-0.19706
0.076416	0.065679	-0.29829
0.07666	0.014569	-0.34613
0.076904	0.050064	-0.30312
0.077148	0.0016463	-0.11473
0.077393	0.0044313	0.00729
0.077637	-0.0042804	0.020257
0.077881	-0.049066	-0.044587
0.078125	-0.018272	-0.18092
0.078369	-0.038874	-0.24939
0.078613	-0.048007	-0.15197
0.078857	-0.021921	0.010867
0.079102	-0.067576	0.066425
0.079346	-0.020011	0.0055482
0.07959	-0.045264	-0.12517
0.079834	-0.032877	-0.24939
0.080078	-0.022733	-0.24986
0.080322	-0.03215	-0.097671
0.080566	-0.0094546	0.056147
0.080811	-0.025757	0.047823
0.081055	-0.023847	-0.042715
0.081299	-0.033602	-0.19803
0.081543	-0.033786	-0.28008
0.081787	-0.032749	-0.22065
0.082031	-0.0553	-0.035489
0.082275	-0.053277	0.051773
0.08252	-0.065622	0.016273
0.082764	-0.051169	-0.1007
0.083008	-0.038148	-0.2291
0.083252	-0.061007	-0.26133
0.083496	-0.039658	-0.15769
0.08374	-0.059038	0.0048071
0.083984	-0.027699	0.033231
0.084229	-0.024707	-0.020064
0.084473	-0.034938	-0.14502
0.084717	-0.026457	-0.24546
0.084961	-0.042707	-0.254
0.085205	-0.032517	-0.10824
0.085449	-0.026235	0.014317
0.085693	-0.044237	0.038494
0.085938	-0.029662	-0.031668
0.086182	-0.045715	-0.16875
0.086426	-0.035667	-0.26967
0.08667	-0.037592	-0.23342
0.086914	-0.037637	-0.07163
0.087158	-0.027067	0.045423
0.087402	-0.028172	0.030828
0.087646	-0.026306	-0.073129
0.087891	-0.036176	-0.23516
0.088135	-0.029256	-0.29152
0.088379	-0.022636	-0.18826
0.088623	-0.016707	-0.0084118
0.088867	-0.015769	0.034372
0.089111	-0.033315	-0.024243
0.089355	-0.016548	-0.20009
0.0896	-0.00023183	-0.31776
0.089844	0.012672	-0.31811
0.090088	0.022204	-0.1601
0.090332	-0.0060692	-0.038922
0.090576	0.0070395	-0.04566
0.09082	0.012211	-0.15048
0.091064	0.014339	-0.2891
0.091309	0.014645	-0.36715
0.091553	-0.017607	-0.31037
0.091797	-0.022928	-0.17056
0.092041	-0.019944	-0.10653
0.092285	-0.019646	-0.12655
0.092529	-0.012478	-0.22023
0.092773	-0.01881	-0.3353
0.093018	-0.015066	-0.37226
0.093262	-0.0062748	-0.29524
0.093506	0.007323	-0.15441
0.09375	0.016894	-0.096893
0.093994	0.033928	-0.11658
0.094238	0.041951	-0.22499
0.094482	0.032225	-0.34015
0.094727	0.034427	-0.34978
0.094971	0.025971	-0.22065
0.095215	0.03565	-0.076697
0.095459	0.038926	-0.030828
0.095703	0.0081252	-0.07763
0.095947	-0.0092193	-0.22148
0.096191	-0.023741	-0.29427
0.096436	-0.01484	-0.24821
0.09668	0.0012603	-0.081046
0.096924	-0.017411	0.017237
0.097168	-0.032898	0.0082964
0.097412	-0.035201	-0.10339
0.097656	-0.014488	-0.23413
0.0979	0.017991	-0.27632
0.098145	0.030683	-0.18042
0.098389	0.031652	-0.060738
0.098633	0.037374	-0.03881
0.098877	0.062733	-0.10817
0.099121	0.085862	-0.25126
0.099365	0.10807	-0.37369
0.099609	0.10395	-0.38994
0.099854	0.086943	-0.33219
0.1001	0.077786	-0.26496
0.10034	0.060392	-0.29702
0.10059	0.050208	-0.37785
0.10083	0.035968	-0.51899
0.10107	-0.00017852	-0.61401
0.10132	-0.030884	-0.62068
0.10156	-0.059102	-0.53495
0.10181	-0.058968	-0.48068
0.10205	-0.040691	-0.48128
0.10229	-0.028991	-0.55223
0.10254	-0.027084	-0.67487
0.10278	-0.02491	-0.70775
0.10303	0.0035413	-0.64249
0.10327	0.047502	-0.48893
0.10352	0.088018	-0.3893
0.10376	0.092469	-0.37189
0.104	0.075019	-0.4398
0.10425	0.061328	-0.50794
0.10449	0.059511	-0.46684
0.10474	0.054393	-0.31848
0.10498	0.029392	-0.14338
0.10522	-0.025667	-0.076707
0.10547	-0.074029	-0.080918
0.10571	-0.10708	-0.16502
0.10596	-0.10962	-0.18806
0.1062	-0.10645	-0.10505
0.10645	-0.13042	-0.0077918
0.10669	-0.16861	0.069249
0.10693	-0.19284	0.034321
0.10718	-0.19321	-0.05348
0.10742	-0.16977	-0.17544
0.10767	-0.14149	-0.22463
0.10791	-0.12614	-0.19669
0.10815	-0.1183	-0.13586
0.1084	-0.088955	-0.12108
0.10864	-0.045328	-0.17778
0.10889	0.011679	-0.28195
0.10913	0.042234	-0.41001
0.10938	0.033653	-0.46565
0.10962	0.015386	-0.46029
0.10986	0.011463	-0.417
0.11011	0.037484	-0.3823
0.11035	0.05483	-0.42448
0.1106	0.040233	-0.52365
0.11084	0.013494	-0.61498
0.11108	0.0049227	-0.61647
0.11133	0.019084	-0.53924
0.11157	0.037648	-0.46383
0.11182	0.039212	-0.45785
0.11206	0.016991	-0.5372
0.1123	0.0010286	-0.65557
0.11255	0.0046015	-0.71197
0.11279	0.023601	-0.66866
0.11304	0.040732	-0.57022
0.11328	0.03742	-0.51269
0.11353	0.014901	-0.54337
0.11377	0.0037965	-0.63345
0.11401	0.0088417	-0.71371
0.11426	0.029233	-0.71178
0.1145	0.034239	-0.63764
0.11475	0.022593	-0.56208
0.11499	0.0035842	-0.54898
0.11523	0.0019706	-0.59686
0.11548	0.012045	-0.67877
0.11572	0.029803	-0.72499
0.11597	0.035721	-0.70129
0.11621	0.026378	-0.63248
0.11646	0.010829	-0.57523
0.1167	0.0097255	-0.56734
0.11694	0.022152	-0.61815
0.11719	0.0365	-0.69156
0.11743	0.035492	-0.73182
0.11768	0.018185	-0.69887
0.11792	0.006245	-0.62527
0.11816	0.0052641	-0.56473
0.11841	0.023745	-0.56591
0.11865	0.041384	-0.6292
0.1189	0.038003	-0.70799
0.11914	0.018224	-0.72204
0.11938	0.012946	-0.66108
0.11963	0.015344	-0.57073
0.11987	0.038232	-0.52509
0.12012	0.044087	-0.55917
0.12036	0.038209	-0.64191
0.12061	0.011437	-0.69759
0.12085	0.00097299	-0.67069
0.12109	0.013704	-0.58405
0.12134	0.047196	-0.50823
0.12158	0.049152	-0.49839
0.12183	0.035138	-0.55139
0.12207	0.0072586	-0.61732
0.12231	0.011641	-0.62936
0.12256	0.03736	-0.57467
0.1228	0.06769	-0.49939
0.12305	0.055822	-0.45349
0.12329	0.020633	-0.4627
0.12354	-0.0033219	-0.50595
0.12378	0.025399	-0.54199
0.12402	0.060971	-0.53037
0.12427	0.06866	-0.47392
0.12451	0.041893	-0.40934
0.12476	0.011094	-0.37198
0.125	0.018563	-0.38147
0.12524	0.054689	-0.41776
0.12549	0.083186	-0.44594
0.12573	0.064928	-0.41989
0.12598	0.023361	-0.35798
0.12622	0.0093699	-0.28702
0.12646	0.042069	-0.25505
0.12671	0.067921	-0.27285
0.12695	0.080745	-0.31203
0.1272	0.042985	-0.32028
0.12744	0.027952	-0.2676
0.12769	0.028859	-0.1864
0.12793	0.072183	-0.12097
0.12817	0.09087	-0.11245
0.12842	0.076518	-0.14021
0.12866	0.03089	-0.16354
0.12891	0.038658	-0.13281
0.12915	0.052218	-0.053968
0.12939	0.090008	0.024897
0.12964	0.078125	0.069134
0.12988	0.062355	0.060891
0.13013	0.039537	0.044609
0.13037	0.061068	0.051506
0.13062	0.08345	0.11136
0.13086	0.10305	0.1875
0.1311	0.06967	0.25314
0.13135	0.060101	0.28071
0.13159	0.062065	0.2832
0.13184	0.07824	0.29115
0.13208	0.086975	0.32187
0.13232	0.081732	0.39075
0.13257	0.071611	0.46055
0.13281	0.073957	0.52584
0.13306	0.079556	0.55328
0.1333	0.095272	0.56732
0.13354	0.093261	0.58041
0.13379	0.076234	0.6272
0.13403	0.090473	0.70323
0.13428	0.084219	0.78364
0.13452	0.089569	0.84856
0.13477	0.072756	0.8682
0.13501	0.083234	0.88432
0.13525	0.085911	0.90617
0.1355	0.10065	0.97884
0.13574	0.088709	1.0624
0.13599	0.098923	1.143
0.13623	0.07153	1.1881
0.13647	0.10328	1.2046
0.13672	0.10464	1.2346
0.13696	0.11566	1.2823
0.13721	0.079065	1.3762
0.13745	0.076371	1.4534
0.1377	0.079001	1.5274
0.13794	0.11321	1.5579
0.13818	0.10377	1.5898
0.13843	0.11231	1.6361
0.13867	0.069865	1.7017
0.13892	0.084336	1.7927
0.13916	0.10217	1.8648
0.1394	0.13585	1.9286
0.13965	0.10348	1.9641
0.13989	0.077349	2.0067
0.14014	0.054363	2.0589
0.14038	0.098104	2.1291
0.14062	0.10931	2.2119
0.14087	0.11402	2.2794
0.14111	0.0821	2.3418
0.14136	0.057049	2.3817
0.1416	0.079157	2.4354
0.14185	0.11888	2.4912
0.14209	0.12457	2.5687
0.14233	0.093986	2.652
0.14258	0.054386	2.7249
0.14282	0.065589	2.7779
0.14307	0.10029	2.8197
0.14331	0.10779	2.8672
0.14355	0.10515	2.9319
0.1438	0.056403	3.0094
0.14404	0.055459	3.0839
0.14429	0.074428	3.1419
0.14453	0.12047	3.1822
0.14478	0.10718	3.2225
0.14502	0.07736	3.2712
0.14526	0.043024	3.3321
0.14551	0.083715	3.3934
0.14575	0.087933	3.4423
0.146	0.11386	3.4791
0.14624	0.068339	3.5088
0.14648	0.05672	3.5426
0.14673	0.045355	3.5857
0.14697	0.096183	3.6328
0.14722	0.097282	3.6769
0.14746	0.09868	3.7091
0.14771	0.044902	3.7334
0.14795	0.074386	3.7539
0.14819	0.073091	3.7781
0.14844	0.097121	3.8083
0.14868	0.067821	3.8388
0.14893	0.057019	3.8658
0.14917	0.030274	3.8802
0.14941	0.058609	3.8875
0.14966	0.058679	3.8941
0.1499	0.077158	3.907
0.15015	0.033773	3.9259
0.15039	0.03935	3.9415
0.15063	0.051224	3.95
0.15088	0.066896	3.9458
0.15112	0.055269	3.9361
0.15137	0.036411	3.9285
0.15161	0.02338	3.9275
0.15186	0.03443	3.9306
0.1521	0.050734	3.9275
0.15234	0.05534	3.9146
0.15259	0.041478	3.889
0.15283	0.017476	3.8627
0.15308	0.049544	3.8432
0.15332	0.058324	3.83
0.15356	0.063508	3.8152
0.15381	0.028935	3.7891
0.15405	0.023007	3.7537
0.1543	0.018353	3.7124
0.15454	0.042757	3.6753
0.15479	0.030894	3.6436
0.15503	0.036845	3.6124
0.15527	-0.0099794	3.5777
0.15552	0.015928	3.5359
0.15576	0.021383	3.4879
0.15601	0.052719	3.4348
0.15625	0.01255	3.3827
0.15649	0.0059513	3.3348
0.15674	-0.018094	3.2868
0.15698	0.025222	3.237
0.15723	0.0095324	3.1804
0.15747	0.029992	3.1177
0.15771	-0.020202	3.0505
0.15796	-0.020091	2.9859
0.1582	-0.015478	2.9284
0.15845	0.025416	2.8693
0.15869	0.0058018	2.8061
0.15894	-0.013005	2.7357
0.15918	-0.04324	2.6617
0.15942	-0.01417	2.5899
0.15967	-0.013276	2.5184
0.15991	-0.0029734	2.4521
0.16016	-0.02333	2.3829
0.1604	-0.044334	2.3122
0.16064	-0.046928	2.2357
0.16089	-0.022976	2.1564
0.16113	-0.012154	2.0827
0.16138	-0.024232	2.0086
0.16162	-0.051831	1.9369
0.16187	-0.050864	1.8594
0.16211	-0.030796	1.7809
0.16235	-0.028336	1.6998
0.1626	-0.02636	1.6191
0.16284	-0.058193	1.5485
0.16309	-0.062621	1.475
0.16333	-0.059427	1.4008
0.16357	-0.03006	1.3192
0.16382	-0.046365	1.2402
0.16406	-0.056952	1.1625
0.16431	-0.082044	1.0864
0.16455	-0.041245	1.019
0.16479	-0.052345	0.94726
0.16504	-0.035802	0.87483
0.16528	-0.069277	0.7967
0.16553	-0.06437	0.71937
0.16577	-0.082935	0.64536
0.16602	-0.058877	0.57613
0.16626	-0.074253	0.51732
0.1665	-0.07815	0.45247
0.16675	-0.11667	0.38408
0.16699	-0.10106	0.30688
0.16724	-0.10565	0.23107
0.16748	-0.099503	0.16368
0.16772	-0.119	0.10794
0.16797	-0.1296	0.058727
0.16821	-0.15288	-0.00086849
0.16846	-0.13388	-0.064117
0.1687	-0.135	-0.13225
0.16895	-0.12535	-0.19743
0.16919	-0.1587	-0.25321
0.16943	-0.14723	-0.29545
0.16968	-0.12937	-0.33465
0.16992	-0.10458	-0.38808
0.17017	-0.11001	-0.44552
0.17041	-0.11485	-0.49705
0.17065	-0.11489	-0.54154
0.1709	-0.10122	-0.58186
0.17114	-0.093249	-0.62147
0.17139	-0.099517	-0.66225
0.17163	-0.10927	-0.71048
0.17188	-0.12549	-0.75622
0.17212	-0.11595	-0.79538
0.17236	-0.12524	-0.82611
0.17261	-0.12609	-0.85308
0.17285	-0.14907	-0.88402
0.1731	-0.16547	-0.91862
0.17334	-0.22421	-0.95304
0.17358	-0.21337	-0.98639
0.17383	-0.21263	-1.012
0.17407	-0.2548	-1.0374
0.17432	-0.3199	-1.0582
0.17456	-0.30728	-1.0795
0.1748	-0.28832	-1.0999
0.17505	-0.31488	-1.1141
0.17529	-0.34134	-1.1308
0.17554	-0.32378	-1.1447
0.17578	-0.31761	-1.1613
0.17603	-0.33239	-1.172
0.17627	-0.33048	-1.1825
0.17651	-0.28166	-1.1945
0.17676	-0.28903	-1.199
0.177	-0.28271	-1.2069
0.17725	-0.2774	-1.2074
0.17749	-0.22676	-1.2172
0.17773	-0.20346	-1.2198
0.17798	-0.21214	-1.2207
0.17822	-0.21603	-1.223
0.17847	-0.17882	-1.2223
0.17871	-0.16975	-1.2244
0.17896	-0.20551	-1.2154
0.1792	-0.20531	-1.2162
0.17944	-0.1971	-1.2116
0.17969	-0.21795	-1.2079
0.17993	-0.27542	-1.2004
0.18018	-0.27603	-1.1913
0.18042	-0.2715	-1.1867
0.18066	-0.31502	-1.1702
0.18091	-0.37904	-1.1601
0.18115	-0.37347	-1.1437
0.1814	-0.36553	-1.1336
0.18164	-0.40906	-1.115
0.18188	-0.46524	-1.0974
0.18213	-0.44385	-1.0841
0.18237	-0.41203	-1.0646
0.18262	-0.42859	-1.047
0.18286	-0.44793	-1.0213
0.18311	-0.39844	-1.0087
0.18335	-0.34701	-0.98958
0.18359	-0.33238	-0.97181
0.18384	-0.31162	-0.95073
0.18408	-0.22996	-0.93251
0.18433	-0.17419	-0.91605
0.18457	-0.16508	-0.89227
0.18481	-0.13331	-0.87731
0.18506	-0.040074	-0.85873
0.1853	-0.0080501	-0.84272
0.18555	-0.023595	-0.81807
0.18579	-0.014399	-0.80019
0.18604	0.039522	-0.78148
0.18628	0.018461	-0.75722
0.18652	-0.034351	-0.73209
0.18677	-0.031132	-0.70767
0.18701	-0.027163	-0.69105
0.18726	-0.10332	-0.66215
0.1875	-0.18247	-0.63612
0.18774	-0.17787	-0.60437
0.18799	-0.18987	-0.58211
0.18823	-0.27576	-0.55521
0.18848	-0.33951	-0.53006
0.18872	-0.31874	-0.50928
0.18896	-0.3122	-0.48067
0.18921	-0.37471	-0.45673
0.18945	-0.39081	-0.42646
0.1897	-0.32972	-0.41426
0.18994	-0.2849	-0.3935
0.19019	-0.32172	-0.37426
0.19043	-0.30088	-0.35438
0.19067	-0.19712	-0.33727
0.19092	-0.13618	-0.32663
0.19116	-0.15077	-0.30268
0.19141	-0.093558	-0.29382
0.19165	0.027599	-0.27866
0.19189	0.06768	-0.27275
0.19214	0.054852	-0.25451
0.19238	0.13428	-0.23898
0.19263	0.23887	-0.22497
0.19287	0.23586	-0.20465
0.19312	0.20595	-0.19515
0.19336	0.2636	-0.17986
0.1936	0.30315	-0.17423
0.19385	0.24714	-0.1486
0.19409	0.19293	-0.12848
0.19434	0.21584	-0.11174
0.19458	0.18817	-0.10151
0.19482	0.075108	-0.092015
0.19507	-0.005822	-0.072359
0.19531	-0.001156	-0.065291
0.19556	-0.050571	-0.048769
0.1958	-0.18081	-0.041367
0.19604	-0.24862	-0.027119
0.19629	-0.21736	-0.02533
0.19653	-0.25124	-0.023423
0.19678	-0.35	-0.018986
0.19702	-0.33454	-0.022225
0.19727	-0.23141	-0.017175
0.19751	-0.23404	-0.017479
0.19775	-0.27227	-0.0065699
0.198	-0.16644	-0.016048
0.19824	-0.014173	-0.024829
0.19849	0.0017112	-0.032456
0.19873	0.012237	-0.02417
0.19897	0.14806	-0.012598
0.19922	0.26012	-0.01363
0.19946	0.24987	-0.012345
0.19971	0.26141	-0.019813
0.19995	0.36891	-0.013866
0.2002	0.41298	-0.012309
0.20044	0.34148	0.0046499
0.20068	0.30366	0.01177
0.20093	0.349	0.013158
0.20117	0.33293	0.013179
0.20142	0.20162	0.012733
0.20166	0.13253	0.021678
0.2019	0.15159	0.01209
0.20215	0.087222	0.017738
0.20239	-0.077135	0.0098087
0.20264	-0.11916	0.011811
0.20288	-0.071185	0.00025597
0.20312	-0.17292	-0.013859
0.20337	-0.32155	-0.018291
0.20361	-0.29902	-0.03034
0.20386	-0.23341	-0.029794
0.2041	-0.33609	-0.047759
0.20435	-0.41709	-0.054346
0.20459	-0.31582	-0.076334
0.20483	-0.25928	-0.086659
0.20508	-0.33089	-0.086104
0.20532	-0.31419	-0.084874
0.20557	-0.096204	-0.083449
0.20581	-0.086095	-0.10357
0.20605	-0.20367	-0.099789
0.2063	-0.12226	-0.1005
0.20654	0.078642	-0.091412
0.20679	0.057022	-0.0976
0.20703	-0.072379	-0.097562
0.20728	0.034371	-0.094118
0.20752	0.20348	-0.095559
0.20776	0.093755	-0.089697
0.20801	-0.088384	-0.095639
0.20825	0.017129	-0.093738
0.2085	0.12739	-0.1104
0.20874	-0.11445	-0.11142
0.20898	-0.34292	-0.11536
0.20923	-0.28593	-0.1203
0.20947	-0.22072	-0.13366
0.20972	-0.47537	-0.15363
0.20996	-0.66766	-0.15476
0.21021	-0.53781	-0.16838
0.21045	-0.53746	-0.17149
0.21069	-0.79639	-0.19354
0.21094	-0.89653	-0.19743
0.21118	-0.71543	-0.20362
0.21143	-0.72741	-0.20867
0.21167	-0.92685	-0.20637
0.21191	-0.9292	-0.21319
0.21216	-0.72341	-0.20834
0.2124	-0.73695	-0.21466
0.21265	-0.91933	-0.20178
0.21289	-0.85925	-0.19503
0.21313	-0.62024	-0.19167
0.21338	-0.66148	-0.19245
0.21362	-0.86305	-0.18971
0.21387	-0.76109	-0.17574
0.21411	-0.52906	-0.17729
0.21436	-0.66463	-0.17498
0.2146	-0.87553	-0.1865
0.21484	-0.7001	-0.18192
0.21509	-0.53406	-0.19003
0.21533	-0.77296	-0.19305
0.21558	-0.94342	-0.20089
0.21582	-0.70376	-0.21581
0.21606	-0.63911	-0.22261
0.21631	-0.91846	-0.23835
0.21655	-1.0239	-0.2343
0.2168	-0.79802	-0.24966
0.21704	-0.83624	-0.25642
0.21729	-1.1236	-0.26914
0.21753	-1.1636	-0.2676
0.21777	-0.95797	-0.26306
0.21802	-1.0453	-0.2688
0.21826	-1.343	-0.26542
0.21851	-1.3367	-0.2676
0.21875	-1.1146	-0.25287
0.21899	-1.2289	-0.25051
0.21924	-1.5219	-0.23924
0.21948	-1.4239	-0.23102
0.21973	-1.1775	-0.23136
0.21997	-1.3624	-0.21965
0.22021	-1.618	-0.21976
0.22046	-1.3823	-0.20484
0.2207	-1.1615	-0.21391
0.22095	-1.4207	-0.21465
0.22119	-1.594	-0.21773
0.22144	-1.2662	-0.21651
0.22168	-1.1532	-0.21908
0.22192	-1.4469	-0.23023
0.22217	-1.5227	-0.23693
0.22241	-1.1998	-0.24477
0.22266	-1.2079	-0.24485
0.2229	-1.5137	-0.25746
0.22314	-1.5216	-0.25572
0.22339	-1.2312	-0.26908
0.22363	-1.2973	-0.2675
0.22388	-1.606	-0.26786
0.22412	-1.5657	-0.26398
0.22437	-1.295	-0.2541
0.22461	-1.414	-0.26072
0.22485	-1.7307	-0.24744
0.2251	-1.6037	-0.23994
0.22534	-1.3342	-0.22761
0.22559	-1.5505	-0.21929
0.22583	-1.8591	-0.22052
0.22607	-1.6169	-0.2049
0.22632	-1.4017	-0.20416
0.22656	-1.7149	-0.19269
0.22681	-1.9428	-0.19931
0.22705	-1.6137	-0.19572
0.22729	-1.5227	-0.20655
0.22754	-1.8788	-0.2047
0.22778	-1.9833	-0.21108
0.22803	-1.6381	-0.21665
0.22827	-1.6483	-0.22581
0.22852	-1.9885	-0.24238
0.22876	-1.9837	-0.2431
0.229	-1.6521	-0.25513
0.22925	-1.7022	-0.26021
0.22949	-2.0066	-0.27474
0.22974	-1.9218	-0.28151
0.22998	-1.6014	-0.28315
0.23022	-1.6912	-0.28347
0.23047	-1.9998	-0.28462
0.23071	-1.8366	-0.28477
0.23096	-1.5258	-0.28385
0.2312	-1.7081	-0.28255
0.23145	-2.0063	-0.27089
0.23169	-1.7409	-0.2674
0.23193	-1.5073	-0.26104
0.23218	-1.7999	-0.2575
0.23242	-2.02	-0.25947
0.23267	-1.669	-0.24304
0.23291	-1.5605	-0.25472
0.23315	-1.9175	-0.24557
0.2334	-2.0151	-0.25867
0.23364	-1.6528	-0.2556
0.23389	-1.6541	-0.25815
0.23413	-1.9921	-0.26645
0.23438	-1.9758	-0.26201
0.23462	-1.6517	-0.25887
0.23486	-1.7173	-0.25852
0.23511	-2.0236	-0.25008
0.23535	-1.9327	-0.25094
0.2356	-1.6367	-0.24966
0.23584	-1.7463	-0.24551
0.23608	-2.0514	-0.24473
0.23633	-1.8947	-0.2267
0.23657	-1.6163	-0.21912
0.23682	-1.7893	-0.20857
0.23706	-2.0721	-0.19523
0.2373	-1.8012	-0.17299
0.23755	-1.5811	-0.14856
0.23779	-1.8553	-0.1198
0.23804	-2.0382	-0.1135
0.23828	-1.6697	-0.08999
0.23853	-1.5512	-0.08842
0.23877	-1.8673	-0.064336
0.23901	-1.8996	-0.063473
0.23926	-1.5162	-0.049317
0.2395	-1.5143	-0.052953
0.23975	-1.8074	-0.043952
0.23999	-1.7219	-0.047801
0.24023	-1.3931	-0.04096
0.24048	-1.466	-0.051296
0.24072	-1.7173	-0.056619
0.24097	-1.5832	-0.074652
0.24121	-1.3204	-0.088252
0.24146	-1.4278	-0.1053
0.2417	-1.668	-0.12557
0.24194	-1.4963	-0.14847
0.24219	-1.2752	-0.16463
0.24243	-1.4489	-0.18573
0.24268	-1.6803	-0.20021
0.24292	-1.4333	-0.21218
0.24316	-1.2609	-0.23448
0.24341	-1.5131	-0.23313
0.24365	-1.6633	-0.25221
0.2439	-1.3372	-0.24639
0.24414	-1.2502	-0.25852
0.24438	-1.5406	-0.25849
0.24463	-1.5584	-0.26356
0.24487	-1.2247	-0.25533
0.24512	-1.2416	-0.26439
0.24536	-1.4981	-0.2463
0.24561	-1.3867	-0.2632
0.24585	-1.1018	-0.23931
0.24609	-1.1744	-0.24886
0.24634	-1.3608	-0.22951
0.24658	-1.181	-0.22804
0.24683	-0.94822	-0.21623
0.24707	-1.0379	-0.21079
0.24731	-1.1941	-0.19289
0.24756	-0.99132	-0.18864
0.2478	-0.8045	-0.16745
0.24805	-0.93004	-0.16415
0.24829	-1.0647	-0.14661
0.24854	-0.81547	-0.12752
0.24878	-0.67419	-0.11722
0.24902	-0.87204	-0.087509
0.24927	-0.95656	-0.080067
0.24951	-0.66518	-0.045461
0.24976	-0.62173	-0.033992
0.25	-0.87554	0.0015757
0.25024	-0.8568	0.011817
0.25049	-0.58265	0.050364
0.25073	-0.65574	0.052446
0.25098	-0.87877	0.094069
0.25122	-0.75435	0.095716
0.25146	-0.5434	0.13009
0.25171	-0.66543	0.13065
0.25195	-0.81319	0.15521
0.2522	-0.63306	0.1558
0.25244	-0.48694	0.17462
0.25269	-0.59982	0.16717
0.25293	-0.68918	0.17628
0.25317	-0.49338	0.16623
0.25342	-0.37458	0.16028
0.25366	-0.4802	0.15137
0.25391	-0.53872	0.12732
0.25415	-0.31038	0.11511
0.25439	-0.2111	0.080214
0.25464	-0.36097	0.057767
0.25488	-0.37225	0.019645
0.25513	-0.11241	-0.0095247
0.25537	-0.093192	-0.056132
0.25562	-0.29138	-0.082889
0.25586	-0.22687	-0.1406
0.2561	0.011204	-0.15938
0.25635	-0.076636	-0.22451
0.25659	-0.25706	-0.24553
0.25684	-0.10953	-0.3045
0.25708	0.047332	-0.331
0.25732	-0.10264	-0.38257
0.25757	-0.21495	-0.40754
0.25781	-0.038312	-0.45865
0.25806	0.030163	-0.47461
0.2583	-0.11516	-0.52482
0.25854	-0.17627	-0.53386
0.25879	-0.010193	-0.57027
0.25903	0.028115	-0.58365
0.25928	-0.097476	-0.60284
0.25952	-0.12429	-0.617
0.25977	0.05881	-0.62008
0.26001	0.095384	-0.62748
0.26025	-0.041968	-0.62193
0.2605	-0.026466	-0.62199
0.26074	0.18016	-0.60047
0.26099	0.17167	-0.59614
0.26123	0.016232	-0.55522
0.26147	0.10443	-0.54488
0.26172	0.30131	-0.48695
0.26196	0.21526	-0.46774
0.26221	0.08401	-0.3981
0.26245	0.2435	-0.3679
0.2627	0.36891	-0.28861
0.26294	0.23344	-0.25379
0.26318	0.15884	-0.166
0.26343	0.33064	-0.12614
0.26367	0.36524	-0.035538
0.26392	0.2257	0.01082
0.26416	0.1943	0.095806
0.2644	0.34141	0.1509
0.26465	0.33376	0.22749
0.26489	0.20955	0.28463
0.26514	0.19615	0.35359
0.26538	0.32861	0.411
0.26562	0.30863	0.46935
0.26587	0.17872	0.52653
0.26611	0.19237	0.56575
0.26636	0.33595	0.62023
0.2666	0.28919	0.63064
0.26685	0.15865	0.67742
0.26709	0.23249	0.67094
0.26733	0.37241	0.70275
0.26758	0.28217	0.68159
0.26782	0.17898	0.69595
0.26807	0.30935	0.65681
0.26831	0.40041	0.65729
0.26855	0.27568	0.59777
0.2688	0.22501	0.58189
0.26904	0.37114	0.50593
0.26929	0.39982	0.45841
0.26953	0.28174	0.36203
0.26978	0.27682	0.29267
0.27002	0.40205	0.19316
0.27026	0.38842	0.11035
0.27051	0.27985	0.0017936
0.27075	0.28726	-0.095405
0.271	0.38377	-0.20942
0.27124	0.35211	-0.31781
0.27148	0.24554	-0.43406
0.27173	0.26682	-0.55333
0.27197	0.35536	-0.66582
0.27222	0.30731	-0.79254
0.27246	0.20017	-0.89783
0.27271	0.25457	-1.0239
0.27295	0.33308	-1.107
0.27319	0.25296	-1.2176
0.27344	0.16634	-1.2835
0.27368	0.25742	-1.3825
0.27393	0.30504	-1.4224
0.27417	0.21077	-1.5026
0.27441	0.1685	-1.517
0.27466	0.2745	-1.5729
0.2749	0.28331	-1.5638
0.27515	0.19416	-1.5935
0.27539	0.18651	-1.5575
0.27563	0.273	-1.5611
0.27588	0.25278	-1.5007
0.27612	0.18179	-1.4793
0.27637	0.19548	-1.4008
0.27661	0.26136	-1.3489
0.27686	0.23186	-1.2561
0.2771	0.16628	-1.1741
0.27734	0.18603	-1.0703
0.27759	0.23849	-0.96556
0.27783	0.19704	-0.8507
0.27808	0.12905	-0.7227
0.27832	0.15849	-0.59887
0.27856	0.19596	-0.45131
0.27881	0.13943	-0.32626
0.27905	0.084368	-0.16587
0.2793	0.1315	-0.039813
0.27954	0.14517	0.12899
0.27979	0.074747	0.25143
0.28003	0.044864	0.41467
0.28027	0.098699	0.52523
0.28052	0.088831	0.67747
0.28076	0.028523	0.77328
0.28101	0.02741	0.90841
0.28125	0.070903	0.984
0.28149	0.047871	1.0915
0.28174	0.0010199	1.1452
0.28198	0.0071857	1.2256
0.28223	0.035946	1.2613
0.28247	0.011712	1.3103
0.28271	-0.024969	1.3201
0.28296	-0.01266	1.3357
0.2832	0.0089858	1.3229
0.28345	-0.011231	1.3066
0.28369	-0.038614	1.2742
0.28394	-0.021089	1.2206
0.28418	-0.0089868	1.1634
0.28442	-0.039639	1.0779
0.28467	-0.066875	0.99825
0.28491	-0.047897	0.88903
0.28516	-0.049839	0.78451
0.2854	-0.086789	0.64723
0.28564	-0.099995	0.52169
0.28589	-0.083455	0.36391
0.28613	-0.098243	0.23071
0.28638	-0.12926	0.060101
0.28662	-0.13146	-0.082602
0.28687	-0.12682	-0.26093
0.28711	-0.14987	-0.40553
0.28735	-0.17656	-0.5792
0.2876	-0.17953	-0.71526
0.28784	-0.19065	-0.88192
0.28809	-0.21384	-1.0111
0.28833	-0.23478	-1.1673
0.28857	-0.23713	-1.2798
0.28882	-0.25188	-1.4128
0.28906	-0.27206	-1.5084
0.28931	-0.29256	-1.6204
0.28955	-0.29511	-1.7026
0.28979	-0.31148	-1.788
0.29004	-0.33208	-1.845
0.29028	-0.34761	-1.8984
0.29053	-0.34934	-1.9322
0.29077	-0.37164	-1.9558
0.29102	-0.39015	-1.9681
0.29126	-0.39618	-1.9519
0.2915	-0.39745	-1.9319
0.29175	-0.4225	-1.8793
0.29199	-0.43351	-1.8308
0.29224	-0.42661	-1.7531
0.29248	-0.4285	-1.6763
0.29272	-0.4519	-1.5639
0.29297	-0.45157	-1.4654
0.29321	-0.44097	-1.3251
0.29346	-0.4525	-1.2165
0.2937	-0.4691	-1.0615
0.29395	-0.46186	-0.93235
0.29419	-0.45297	-0.76796
0.29443	-0.46445	-0.62126
0.29468	-0.47117	-0.45938
0.29492	-0.45645	-0.31309
0.29517	-0.44765	-0.14761
0.29541	-0.46024	0.0028191
0.29565	-0.47047	0.16957
0.2959	-0.46263	0.31646
0.29614	-0.46363	0.46677
0.29639	-0.48671	0.61091
0.29663	-0.50112	0.75051
0.29688	-0.49118	0.88975
0.29712	-0.49652	1.0147
0.29736	-0.52755	1.1323
0.29761	-0.54099	1.2342
0.29785	-0.53467	1.3344
0.2981	-0.55404	1.4166
0.29834	-0.56066	1.501
0.29858	-0.58502	1.5519
0.29883	-0.59733	1.6068
0.29907	-0.59758	1.6312
0.29932	-0.6082	1.6607
0.29956	-0.63221	1.6674
0.2998	-0.63962	1.6694
0.30005	-0.63335	1.6422
0.30029	-0.64114	1.6202
0.30054	-0.66387	1.5677
0.30078	-0.6646	1.5288
0.30103	-0.64737	1.462
0.30127	-0.65695	1.3886
0.30151	-0.68145	1.3033
0.30176	-0.67421	1.2036
0.302	-0.68759	1.1037
0.30225	-0.69295	0.99874
0.30249	-0.69504	0.87085
0.30273	-0.70173	0.75065
0.30298	-0.70295	0.60576
0.30322	-0.69462	0.47288
0.30347	-0.68705	0.33531
0.30371	-0.68606	0.18897
0.30396	-0.68216	0.046631
0.3042	-0.67705	-0.10631
0.30444	-0.67188	-0.2493
0.30469	-0.67023	-0.3875
0.30493	-0.65898	-0.51761
0.30518	-0.64365	-0.65227
0.30542	-0.63018	-0.77194
0.30566	-0.62194	-0.90119
0.30591	-0.60527	-0.99764
0.30615	-0.5893	-1.1013
0.3064	-0.58362	-1.1836
0.30664	-0.58229	-1.268
0.30688	-0.5717	-1.3396
0.30713	-0.56163	-1.4003
0.30737	-0.56089	-1.44
0.30762	-0.56198	-1.4781
0.30786	-0.55263	-1.4957
0.30811	-0.54728	-1.5153
0.30835	-0.55141	-1.5164
0.30859	-0.55733	-1.5002
0.30884	-0.5524	-1.4769
0.30908	-0.55469	-1.4354
0.30933	-0.56806	-1.3906
0.30957	-0.57927	-1.3386
0.30981	-0.58012	-1.2636
0.31006	-0.58988	-1.1857
0.3103	-0.61123	-1.094
0.31055	-0.62749	-0.99241
0.31079	-0.63275	-0.90183
0.31104	-0.643	-0.78205
0.31128	-0.65913	-0.67383
0.31152	-0.66775	-0.54767
0.31177	-0.66862	-0.42308
0.31201	-0.68094	-0.30611
0.31226	-0.6984	-0.17875
0.3125	-0.71037	-0.053363
0.31274	-0.71505	0.07423
0.31299	-0.72669	0.2062
0.31323	-0.73534	0.32568
0.31348	-0.73578	0.44567
0.31372	-0.73003	0.56546
0.31396	-0.72845	0.67983
0.31421	-0.72544	0.79753
0.31445	-0.71865	0.90354
0.3147	-0.71072	1.0011
0.31494	-0.70448	1.0989
0.31519	-0.69791	1.1855
0.31543	-0.6861	1.2745
0.31567	-0.66863	1.352
0.31592	-0.65477	1.4176
0.31616	-0.64152	1.4779
0.31641	-0.6226	1.5291
0.31665	-0.60048	1.5746
0.31689	-0.58557	1.616
0.31714	-0.56929	1.6397
0.31738	-0.54844	1.6588
0.31763	-0.52706	1.6693
0.31787	-0.51337	1.6694
0.31812	-0.50019	1.6734
0.31836	-0.48179	1.6569
0.3186	-0.47096	1.6382
0.31885	-0.46659	1.6117
0.31909	-0.45766	1.5742
0.31934	-0.44157	1.5419
