-0.2395	0.023055	-0.011319
-0.23926	-0.0028625	-0.14203
-0.23901	-0.0062033	-0.17166
-0.23877	-0.0031784	-0.16148
-0.23853	-0.0038125	-0.12714
-0.23828	-0.0092448	-0.066816
-0.23804	-0.008543	-0.036039
-0.23779	-0.005355	-0.097357
-0.23755	0.0029782	-0.14532
-0.2373	0.00044109	-0.12366
-0.23706	0.0045226	-0.10348
-0.23682	0.0038701	-0.09759
-0.23657	0.0073953	-0.060801
-0.23633	0.01048	-0.066141
-0.23608	0.016185	-0.12478
-0.23584	0.017081	-0.12162
-0.2356	0.016164	-0.085806
-0.23535	0.021435	-0.10046
-0.23511	0.014681	-0.10899
-0.23486	0.012911	-0.074176
-0.23462	0.01724	-0.095303
-0.23438	0.028412	-0.12389
-0.23413	0.027476	-0.088513
-0.23389	0.031038	-0.077964
-0.23364	0.03669	-0.13202
-0.2334	0.036489	-0.12654
-0.23315	0.034812	-0.089961
-0.23291	0.035206	-0.11436
-0.23267	0.034698	-0.10993
-0.23242	0.029255	-0.067148
-0.23218	0.033016	-0.10517
-0.23193	0.032262	-0.16258
-0.23169	0.027275	-0.12026
-0.23145	0.031068	-0.097419
-0.2312	0.03894	-0.12126
-0.23096	0.036924	-0.089607
-0.23071	0.033306	-0.069186
-0.23047	0.038033	-0.13769
-0.23022	0.032449	-0.15403
-0.22998	0.022384	-0.097293
-0.22974	0.017272	-0.10436
-0.22949	0.016713	-0.11647
-0.22925	0.011268	-0.072346
-0.229	0.013927	-0.082209
-0.22876	0.019048	-0.14773
-0.22852	0.015822	-0.12095
-0.22827	0.014731	-0.082286
-0.22803	0.017623	-0.11797
-0.22778	0.01427	-0.10465
-0.22754	0.0056584	-0.055196
-0.22729	0.0073059	-0.089861
-0.22705	0.0048241	-0.11693
-0.22681	-0.0047491	-0.075945
-0.22656	-0.0066649	-0.087788
-0.22632	0.0022671	-0.12237
-0.22607	0.0039129	-0.076709
-0.22583	0.0045333	-0.040423
-0.22559	0.012395	-0.069085
-0.22534	0.01196	-0.064971
-0.2251	0.0048812	-0.051307
-0.22485	0.005514	-0.099231
-0.22461	0.006141	-0.113
-0.22437	-0.0024588	-0.057938
-0.22412	0.00077031	-0.033015
-0.22388	0.010417	-0.045682
-0.22363	0.0068468	-0.03975
-0.22339	0.010729	-0.061095
-0.22314	0.028555	-0.11971
-0.2229	0.032839	-0.11128
-0.22266	0.026509	-0.048341
-0.22241	0.03535	-0.029142
-0.22217	0.038494	-0.033565
-0.22192	0.030283	-0.025454
-0.22168	0.035078	-0.074579
-0.22144	0.044708	-0.13266
-0.22119	0.040176	-0.098835
-0.22095	0.048263	-0.046185
-0.2207	0.068341	-0.044335
-0.22046	0.068496	-0.028672
-0.22021	0.070724	-0.030194
-0.21997	0.09004	-0.10465
-0.21973	0.093549	-0.13111
-0.21948	0.083972	-0.090292
-0.21924	0.092935	-0.071794
-0.21899	0.10443	-0.056162
-0.21875	0.10107	-0.019672
-0.21851	0.10803	-0.047639
-0.21826	0.12175	-0.10413
-0.21802	0.12432	-0.10571
-0.21777	0.13162	-0.092987
-0.21753	0.1488	-0.088913
-0.21729	0.14983	-0.060512
-0.21704	0.14603	-0.035796
-0.2168	0.15838	-0.060599
-0.21655	0.16375	-0.086976
-0.21631	0.15719	-0.10187
-0.21606	0.16017	-0.10943
-0.21582	0.17355	-0.10784
-0.21558	0.17959	-0.084115
-0.21533	0.17839	-0.051994
-0.21509	0.18659	-0.067325
-0.21484	0.19779	-0.090734
-0.2146	0.20163	-0.094711
-0.21436	0.20354	-0.11362
-0.21411	0.20674	-0.13317
-0.21387	0.20514	-0.082383
-0.21362	0.20664	-0.050574
-0.21338	0.21629	-0.074692
-0.21313	0.21485	-0.079872
-0.21289	0.20909	-0.092242
-0.21265	0.22122	-0.14547
-0.2124	0.23247	-0.14466
-0.21216	0.22314	-0.095162
-0.21191	0.22171	-0.092303
-0.21167	0.23662	-0.074471
-0.21143	0.23445	-0.058664
-0.21118	0.22337	-0.10383
-0.21094	0.22495	-0.13767
-0.21069	0.22611	-0.11873
-0.21045	0.22448	-0.11562
-0.21021	0.22854	-0.10448
-0.20996	0.22657	-0.06549
-0.20972	0.22077	-0.07025
-0.20947	0.23022	-0.10716
-0.20923	0.23371	-0.12508
-0.20898	0.21957	-0.14014
-0.20874	0.21494	-0.13115
-0.2085	0.22278	-0.099153
-0.20825	0.218	-0.087025
-0.20801	0.20469	-0.072509
-0.20776	0.20379	-0.075846
-0.20752	0.2074	-0.11461
-0.20728	0.20792	-0.11577
-0.20703	0.20288	-0.099839
-0.20679	0.19312	-0.10325
-0.20654	0.19877	-0.072074
-0.2063	0.20172	-0.052699
-0.20605	0.19019	-0.095535
-0.20581	0.1801	-0.11578
-0.20557	0.18063	-0.11166
-0.20532	0.18205	-0.15139
-0.20508	0.17823	-0.1326
-0.20483	0.17082	-0.074204
-0.20459	0.16885	-0.11193
-0.20435	0.17392	-0.1014
-0.2041	0.17228	-0.055361
-0.20386	0.16321	-0.10339
-0.20361	0.15816	-0.11669
-0.20337	0.16161	-0.062374
-0.20312	0.16815	-0.060618
-0.20288	0.14875	-0.077994
-0.20264	0.14006	-0.061948
-0.20239	0.15527	-0.072739
-0.20215	0.15198	-0.081086
-0.2019	0.13821	-0.06047
-0.20166	0.13985	-0.098635
-0.20142	0.13924	-0.092188
-0.20117	0.13304	-0.027794
-0.20093	0.13286	-0.058398
-0.20068	0.12451	-0.080431
-0.20044	0.11736	-0.037031
-0.2002	0.12702	-0.032274
-0.19995	0.12247	-0.037255
-0.19971	0.10823	-0.039193
-0.19946	0.11006	-0.043365
-0.19922	0.11652	-0.014589
-0.19897	0.10943	-0.0067513
-0.19873	0.098629	-0.06758
-0.19849	0.094106	-0.057133
-0.19824	0.09534	0.011517
-0.198	0.09721	-0.042437
-0.19775	0.085719	-0.07133
-0.19751	0.077273	-0.0065156
-0.19727	0.088967	-0.01237
-0.19702	0.087378	-0.033699
-0.19678	0.071075	-0.018809
-0.19653	0.072326	-0.019666
-0.19629	0.075453	0.014972
-0.19604	0.066526	0.020424
-0.1958	0.065051	-0.041247
-0.19556	0.061748	-0.013712
-0.19531	0.052401	0.042054
-0.19507	0.059785	-0.02847
-0.19482	0.061763	-0.073513
-0.19458	0.047438	0.016958
-0.19434	0.048308	0.022895
-0.19409	0.056081	-0.039113
-0.19385	0.049893	-0.044827
-0.1936	0.038651	0.0001255
-0.19336	0.034665	0.03638
-0.19312	0.040465	-0.012438
-0.19287	0.041827	-0.081817
-0.19263	0.025209	0.0183
-0.19238	0.023671	0.0845
-0.19214	0.035583	-0.052144
-0.19189	0.022692	-0.11043
-0.19165	0.013461	0.026592
-0.19141	0.026963	0.053692
-0.19116	0.014113	-0.075747
-0.19092	0.0049859	-0.1249
-0.19067	0.018487	-0.0055945
-0.19043	0.0019104	0.068991
-0.19019	-0.0073041	-0.067595
-0.18994	0.014346	-0.18366
-0.1897	0.0021342	-0.013639
-0.18945	-0.015727	0.11604
-0.18921	-0.0022168	-0.090685
-0.18896	-0.0053279	-0.21163
-0.18872	-0.01326	-0.011175
-0.18848	-0.006634	0.099974
-0.18823	-0.020007	-0.10323
-0.18799	-0.016856	-0.25278
-0.18774	-0.0081696	-0.066139
-0.1875	-0.030867	0.11105
-0.18726	-0.024537	-0.095035
-0.18701	-0.0085325	-0.31651
-0.18677	-0.034721	-0.10501
-0.18652	-0.034224	0.12578
-0.18628	-0.018296	-0.10382
-0.18604	-0.041977	-0.35835
-0.18579	-0.035624	-0.13259
-0.18555	-0.016098	0.11669
-0.1853	-0.04779	-0.093637
-0.18506	-0.046659	-0.39041
-0.18481	-0.023908	-0.19549
-0.18457	-0.046205	0.11825
-0.18433	-0.046274	-0.074317
-0.18408	-0.034498	-0.45003
-0.18384	-0.051597	-0.27039
-0.18359	-0.046761	0.11171
-0.18335	-0.044283	-0.071208
-0.18311	-0.061263	-0.4751
-0.18286	-0.039398	-0.31256
-0.18262	-0.042718	0.083008
-0.18237	-0.073485	-0.059971
-0.18213	-0.04523	-0.49684
-0.18188	-0.047337	-0.38856
-0.18164	-0.075553	0.072383
-0.1814	-0.041858	-0.0060172
-0.18115	-0.050597	-0.50043
-0.18091	-0.085617	-0.46666
-0.18066	-0.04812	0.027257
-0.18042	-0.04967	-0.0082613
-0.18018	-0.084749	-0.51958
-0.17993	-0.050276	-0.51495
-0.17969	-0.054499	-0.0062433
-0.17944	-0.087775	0.040918
-0.1792	-0.056397	-0.49694
-0.17896	-0.062957	-0.58266
-0.17871	-0.078612	-0.042221
-0.17847	-0.048154	0.074152
-0.17822	-0.073352	-0.45158
-0.17798	-0.088724	-0.613
-0.17773	-0.048636	-0.10375
-0.17749	-0.077764	0.10251
-0.17725	-0.085674	-0.42125
-0.177	-0.043335	-0.65073
-0.17676	-0.088448	-0.14766
-0.17651	-0.097311	0.1443
-0.17627	-0.043357	-0.35215
-0.17603	-0.088461	-0.69036
-0.17578	-0.093799	-0.21126
-0.17554	-0.044936	0.16219
-0.17529	-0.09527	-0.27432
-0.17505	-0.10431	-0.67912
-0.1748	-0.055428	-0.26584
-0.17456	-0.095321	0.19235
-0.17432	-0.09231	-0.20606
-0.17407	-0.059278	-0.68007
-0.17383	-0.10569	-0.30755
-0.17358	-0.093729	0.19781
-0.17334	-0.0598	-0.093985
-0.1731	-0.099844	-0.6446
-0.17285	-0.075012	-0.3706
-0.17261	-0.060444	0.19967
-0.17236	-0.10912	-0.014315
-0.17212	-0.071792	-0.59357
-0.17188	-0.057014	-0.40106
-0.17163	-0.1031	0.19713
-0.17139	-0.055023	0.070613
-0.17114	-0.052364	-0.54026
-0.1709	-0.10958	-0.43784
-0.17065	-0.059344	0.16396
-0.17041	-0.050274	0.16198
-0.17017	-0.098442	-0.44918
-0.16992	-0.053908	-0.4614
-0.16968	-0.062154	0.146
-0.16943	-0.10666	0.21572
-0.16919	-0.05982	-0.36753
-0.16895	-0.066735	-0.47259
-0.1687	-0.095051	0.10098
-0.16846	-0.050962	0.26848
-0.16821	-0.074865	-0.28141
-0.16797	-0.098128	-0.46612
-0.16772	-0.051166	0.058399
-0.16748	-0.073313	0.29137
-0.16724	-0.078619	-0.18324
-0.16699	-0.038731	-0.44896
-0.16675	-0.080295	0.017979
-0.1665	-0.076217	0.30962
-0.16626	-0.029063	-0.091583
-0.16602	-0.070824	-0.41738
-0.16577	-0.057913	-0.038446
-0.16553	-0.016685	0.30127
-0.16528	-0.069481	-0.037456
-0.16504	-0.058813	-0.38326
-0.16479	-0.019762	-0.070789
-0.16455	-0.060974	0.26757
-0.16431	-0.041868	0.021586
-0.16406	-0.020653	-0.33986
-0.16382	-0.068501	-0.11713
-0.16357	-0.041322	0.21727
-0.16333	-0.019864	0.045655
-0.16309	-0.060565	-0.29051
-0.16284	-0.028853	-0.16338
-0.1626	-0.020281	0.15913
-0.16235	-0.06489	0.059061
-0.16211	-0.031792	-0.25317
-0.16187	-0.025781	-0.18895
-0.16162	-0.055534	0.10239
-0.16138	-0.016041	0.056707
-0.16113	-0.025486	-0.2258
-0.16089	-0.05929	-0.21905
-0.16064	-0.013758	0.05007
-0.1604	-0.020461	0.031008
-0.16016	-0.048371	-0.18918
-0.15991	-0.0084513	-0.22593
-0.15967	-0.021903	-0.011194
-0.15942	-0.048976	-0.004435
-0.15918	-0.016997	-0.17552
-0.15894	-0.029173	-0.22203
-0.15869	-0.039213	-0.059811
-0.15845	-0.0084087	-0.043723
-0.1582	-0.030246	-0.1517
-0.15796	-0.039823	-0.2036
-0.15771	-0.0082459	-0.056223
-0.15747	-0.026725	-0.0015075
-0.15723	-0.030836	-0.041985
-0.15698	-0.0045919	-0.10064
-0.15674	-0.023832	-0.033903
-0.15649	-0.029031	-0.006753
-0.15625	-0.0095879	-0.067527
-0.15601	-0.023235	-0.15292
-0.15576	-0.015979	-0.11206
-0.15552	-0.0002256	-0.099707
-0.15527	-0.02154	-0.1468
-0.15503	-0.020328	-0.21929
-0.15479	-0.0098736	-0.21306
-0.15454	-0.030385	-0.20967
-0.1543	-0.029871	-0.26493
-0.15405	-0.024073	-0.30324
-0.15381	-0.040723	-0.34015
-0.15356	-0.046352	-0.34839
-0.15332	-0.050177	-0.39395
-0.15308	-0.057929	-0.41569
-0.15283	-0.049241	-0.47329
-0.15259	-0.05293	-0.48169
-0.15234	-0.065656	-0.52804
-0.1521	-0.058994	-0.5367
-0.15186	-0.057196	-0.62074
-0.15161	-0.060902	-0.61359
-0.15137	-0.048682	-0.66487
-0.15112	-0.040934	-0.675
-0.15088	-0.036463	-0.75585
-0.15063	-0.030374	-0.7446
-0.15039	-0.029361	-0.80054
-0.15015	-0.019795	-0.80346
-0.1499	-0.0062291	-0.8549
-0.14966	-0.011578	-0.84239
-0.14941	-0.019449	-0.90102
-0.14917	-0.018855	-0.87871
-0.14893	-0.026619	-0.91256
-0.14868	-0.038416	-0.91344
-0.14844	-0.046867	-0.94228
-0.14819	-0.055874	-0.90576
-0.14795	-0.065651	-0.91689
-0.14771	-0.085103	-0.91299
-0.14746	-0.10431	-0.90061
-0.14722	-0.10652	-0.85559
-0.14697	-0.11071	-0.84789
-0.14673	-0.12503	-0.81848
-0.14648	-0.12774	-0.76703
-0.14624	-0.12479	-0.72903
-0.146	-0.12419	-0.68736
-0.14575	-0.11336	-0.63422
-0.14551	-0.09888	-0.55201
-0.14526	-0.084438	-0.51143
-0.14502	-0.063677	-0.42857
-0.14478	-0.053993	-0.35387
-0.14453	-0.049376	-0.25528
-0.14429	-0.027083	-0.19624
-0.14404	-0.012686	-0.074253
-0.1438	-0.012161	0.0025077
-0.14355	-0.016317	0.1206
-0.14331	-0.02248	0.20101
-0.14307	-0.023318	0.34656
-0.14282	-0.03032	0.41784
-0.14258	-0.051741	0.55326
-0.14233	-0.066382	0.63203
-0.14209	-0.078769	0.76792
-0.14185	-0.10856	0.8308
-0.1416	-0.13271	0.96886
-0.14136	-0.14042	1.0489
-0.14111	-0.15111	1.1644
-0.14087	-0.16553	1.227
-0.14062	-0.17493	1.3429
-0.14038	-0.16965	1.3955
-0.14014	-0.15798	1.4871
-0.13989	-0.1448	1.5415
-0.13965	-0.13004	1.6121
-0.1394	-0.11193	1.6451
-0.13916	-0.08876	1.7078
-0.13892	-0.065896	1.7424
-0.13867	-0.048271	1.7562
-0.13843	-0.031176	1.7661
-0.13818	-0.0079298	1.7708
-0.13794	0.0099753	1.7671
-0.1377	0.014425	1.723
-0.13745	0.014149	1.7049
-0.13721	0.019869	1.6458
-0.13696	0.020258	1.6092
-0.13672	0.0048317	1.5176
-0.13647	-0.014741	1.4686
-0.13623	-0.026176	1.3533
-0.13599	-0.041856	1.2813
-0.13574	-0.069114	1.1407
-0.1355	-0.088447	1.0469
-0.13525	-0.094191	0.88379
-0.13501	-0.099157	0.77949
-0.13477	-0.10777	0.61077
-0.13452	-0.11069	0.48713
-0.13428	-0.10574	0.30813
-0.13403	-0.097028	0.16116
-0.13379	-0.082881	-0.040299
-0.13354	-0.061972	-0.21414
-0.1333	-0.041327	-0.42369
-0.13306	-0.025105	-0.60668
-0.13281	-0.0055765	-0.79806
-0.13257	0.023021	-0.97329
-0.13232	0.053628	-1.1524
-0.13208	0.077656	-1.3285
-0.13184	0.088652	-1.4949
-0.13159	0.091041	-1.6646
-0.13135	0.09988	-1.8125
-0.1311	0.11921	-1.9776
-0.13086	0.11823	-2.1056
-0.13062	0.090773	-2.2599
-0.13037	0.074821	-2.3693
-0.13013	0.081418	-2.5093
-0.12988	0.074516	-2.596
-0.12964	0.043143	-2.7216
-0.12939	0.020281	-2.7947
-0.12915	0.017274	-2.8996
-0.12891	0.0097056	-2.9417
-0.12866	-0.0061029	-3.0166
-0.12842	-0.018805	-3.0423
-0.12817	-0.02421	-3.1027
-0.12793	-0.024721	-3.1156
-0.12769	-0.0097613	-3.1506
-0.12744	0.0063409	-3.1494
-0.1272	0.0066275	-3.1636
-0.12695	0.012051	-3.1449
-0.12671	0.043525	-3.1282
-0.12646	0.076025	-3.0883
-0.12622	0.086609	-3.0439
-0.12598	0.09235	-2.9811
-0.12573	0.10792	-2.9094
-0.12549	0.12942	-2.836
-0.12524	0.15215	-2.7582
-0.125	0.16187	-2.6756
-0.12476	0.15157	-2.5709
-0.12451	0.14448	-2.4617
-0.12427	0.16381	-2.3487
-0.12402	0.17526	-2.2285
-0.12378	0.14235	-2.0932
-0.12354	0.10814	-1.9439
-0.12329	0.1196	-1.7945
-0.12305	0.13332	-1.6332
-0.1228	0.10356	-1.4783
-0.12256	0.067762	-1.307
-0.12231	0.068576	-1.1396
-0.12207	0.080959	-0.94999
-0.12183	0.083353	-0.77567
-0.12158	0.078008	-0.58218
-0.12134	0.065831	-0.40292
-0.12109	0.065034	-0.20682
-0.12085	0.09629	-0.018416
-0.12061	0.13247	0.18604
-0.12036	0.12799	0.37476
-0.12012	0.11282	0.56647
-0.11987	0.13999	0.74373
-0.11963	0.19492	0.92817
-0.11938	0.21715	1.1107
-0.11914	0.20788	1.2986
-0.1189	0.20743	1.4714
-0.11865	0.23068	1.637
-0.11841	0.26625	1.7941
-0.11816	0.28531	1.9557
-0.11792	0.25817	2.1046
-0.11768	0.2175	2.2484
-0.11743	0.23424	2.3648
-0.11719	0.28308	2.478
-0.11694	0.26958	2.5798
-0.1167	0.20298	2.683
-0.11646	0.17808	2.7695
-0.11621	0.22243	2.846
-0.11597	0.25064	2.9071
-0.11572	0.21715	2.9645
-0.11548	0.16839	3.0126
-0.11523	0.16291	3.0491
-0.11499	0.20332	3.0744
-0.11475	0.24759	3.0691
-0.1145	0.23589	3.0611
-0.11426	0.18585	3.0241
-0.11401	0.19594	2.9945
-0.11377	0.29046	2.9368
-0.11353	0.34476	2.8781
-0.11328	0.29466	2.7702
-0.11304	0.2413	2.6709
-0.11279	0.29334	2.5361
-0.11255	0.38394	2.4112
-0.1123	0.39479	2.2397
-0.11206	0.32525	2.0653
-0.11182	0.28466	1.8482
-0.11157	0.3335	1.6335
-0.11133	0.41558	1.4101
-0.11108	0.40008	1.1869
-0.11084	0.28955	0.93612
-0.1106	0.23777	0.6792
-0.11035	0.32122	0.40945
-0.11011	0.39262	0.14756
-0.10986	0.31841	-0.11121
-0.10962	0.20421	-0.38069
-0.10938	0.21711	-0.66083
-0.10913	0.32606	-0.95873
-0.10889	0.36086	-1.2625
-0.10864	0.27031	-1.5694
-0.1084	0.19507	-1.876
-0.10815	0.23972	-2.1909
-0.10791	0.35191	-2.5154
-0.10767	0.38372	-2.8515
-0.10742	0.29476	-3.1694
-0.10718	0.22736	-3.487
-0.10693	0.31378	-3.7816
-0.10669	0.45462	-4.0863
-0.10645	0.43871	-4.3697
-0.1062	0.30862	-4.6558
-0.10596	0.27764	-4.8972
-0.10571	0.40104	-5.1409
-0.10547	0.49508	-5.3312
-0.10522	0.42115	-5.5488
-0.10498	0.296	-5.7136
-0.10474	0.29695	-5.8807
-0.10449	0.4145	-5.9758
-0.10425	0.47714	-6.0708
-0.104	0.37162	-6.1064
-0.10376	0.24053	-6.136
-0.10352	0.27851	-6.1
-0.10327	0.42938	-6.0322
-0.10303	0.44384	-5.8757
-0.10278	0.29275	-5.6955
-0.10254	0.2097	-5.4587
-0.10229	0.31162	-5.1977
-0.10205	0.43026	-4.8851
-0.10181	0.38229	-4.5324
-0.10156	0.24338	-4.1025
-0.10132	0.21167	-3.6557
-0.10107	0.31201	-3.1481
-0.10083	0.40424	-2.6278
-0.10059	0.34335	-2.0372
-0.10034	0.20518	-1.4367
-0.1001	0.18851	-0.76698
-0.099854	0.30934	-0.13138
-0.099609	0.36926	0.55104
-0.099365	0.25593	1.1977
-0.099121	0.12394	1.8892
-0.098877	0.14468	2.5442
-0.098633	0.26361	3.2438
-0.098389	0.27897	3.8771
-0.098145	0.15686	4.5174
-0.0979	0.070381	5.0984
-0.097656	0.11382	5.6798
-0.097412	0.22548	6.2027
-0.097168	0.23818	6.6942
-0.096924	0.11413	7.1175
-0.09668	0.043609	7.5101
-0.096436	0.14765	7.8257
-0.096191	0.28563	8.115
-0.095947	0.26963	8.3347
-0.095703	0.15764	8.49
-0.095459	0.16399	8.5165
-0.095215	0.322	8.4973
-0.094971	0.44382	8.3872
-0.094727	0.40945	8.2287
-0.094482	0.33968	7.9856
-0.094238	0.39063	7.7243
-0.093994	0.55817	7.3688
-0.09375	0.66716	6.9849
-0.093506	0.60808	6.5338
-0.093262	0.53359	6.0343
-0.093018	0.6115	5.4682
-0.092773	0.77388	4.8552
-0.092529	0.81489	4.1886
-0.092285	0.69917	3.496
-0.092041	0.63442	2.7788
-0.091797	0.72767	2.0447
-0.091553	0.83665	1.2842
-0.091309	0.78528	0.49398
-0.091064	0.64095	-0.2899
-0.09082	0.58878	-1.0769
-0.090576	0.65796	-1.8614
-0.090332	0.69736	-2.6415
-0.090088	0.58018	-3.3966
-0.089844	0.41375	-4.144
-0.0896	0.37929	-4.8483
-0.089355	0.44154	-5.5083
-0.089111	0.40678	-6.1223
-0.088867	0.22311	-6.7076
-0.088623	0.080721	-7.225
-0.088379	0.084859	-7.7074
-0.088135	0.10171	-8.1177
-0.087891	-0.0088963	-8.4606
-0.087646	-0.18356	-8.7323
-0.087402	-0.27505	-8.966
-0.087158	-0.28712	-9.1271
-0.086914	-0.33932	-9.2376
-0.08667	-0.49238	-9.2639
-0.086426	-0.65843	-9.2395
-0.086182	-0.73925	-9.1348
-0.085938	-0.78872	-8.9758
-0.085693	-0.89001	-8.7535
-0.085449	-1.0499	-8.4721
-0.085205	-1.1723	-8.1163
-0.084961	-1.2184	-7.727
-0.084717	-1.2866	-7.2631
-0.084473	-1.3982	-6.7603
-0.084229	-1.5047	-6.2013
-0.083984	-1.5657	-5.5816
-0.08374	-1.5973	-4.8953
-0.083496	-1.6391	-4.1668
-0.083252	-1.6705	-3.3616
-0.083008	-1.6599	-2.5334
-0.082764	-1.625	-1.6587
-0.08252	-1.5965	-0.76242
-0.082275	-1.5298	0.14658
-0.082031	-1.4314	1.0408
-0.081787	-1.3188	1.9439
-0.081543	-1.1793	2.811
-0.081299	-1.0468	3.6682
-0.081055	-0.86766	4.4727
-0.080811	-0.6131	5.23
-0.080566	-0.37007	5.922
-0.080322	-0.14065	6.5538
-0.080078	0.1292	7.0954
-0.079834	0.44788	7.5823
-0.07959	0.81157	7.9909
-0.079346	1.1402	8.3114
-0.079102	1.4219	8.5488
-0.078857	1.7842	8.7112
-0.078613	2.1824	8.7683
-0.078369	2.5219	8.743
-0.078125	2.8246	8.6331
-0.077881	3.0965	8.4128
-0.077637	3.3861	8.104
-0.077393	3.702	7.7052
-0.077148	3.8971	7.1994
-0.076904	4.0194	6.6166
-0.07666	4.1582	5.9403
-0.076416	4.255	5.1592
-0.076172	4.308	4.3261
-0.075928	4.2458	3.4087
-0.075684	4.0865	2.4251
-0.075439	3.9371	1.4198
-0.075195	3.7179	0.36248
-0.074951	3.3656	-0.70802
-0.074707	2.9443	-1.7463
-0.074463	2.4558	-2.7961
-0.074219	1.9095	-3.7796
-0.073975	1.2933	-4.7052
-0.07373	0.54319	-5.5976
-0.073486	-0.25856	-6.3842
-0.073242	-1.0738	-7.0987
-0.072998	-1.9684	-7.7473
-0.072754	-2.9032	-8.2403
-0.07251	-3.8623	-8.6708
-0.072266	-4.8282	-8.9842
-0.072021	-5.7332	-9.1296
-0.071777	-6.6244	-9.2036
-0.071533	-7.4838	-9.076
-0.071289	-8.2224	-8.756
-0.071045	-8.8867	-8.3381
-0.070801	-9.4341	-7.6909
-0.070557	-9.8796	-6.8633
-0.070312	-10.198	-5.9758
-0.070068	-10.335	-4.863
-0.069824	-10.376	-3.6609
-0.06958	-10.273	-2.3916
-0.069336	-10.047	-0.97394
-0.069092	-9.6948	0.43483
-0.068848	-9.1781	1.8529
-0.068604	-8.6127	3.3239
-0.068359	-7.9256	4.6327
-0.068115	-7.1295	5.8855
-0.067871	-6.2737	7.0327
-0.067627	-5.2877	7.9103
-0.067383	-4.2956	8.6416
-0.067139	-3.2158	9.1462
-0.066895	-2.0199	9.3303
-0.06665	-0.81639	9.3506
-0.066406	0.47172	9.0576
-0.066162	1.7678	8.4898
-0.065918	3.1026	7.7702
-0.065674	4.5072	6.73
-0.06543	5.8559	5.5097
-0.065186	7.1966	4.2046
-0.064941	8.4683	2.659
-0.064697	9.6556	1.1019
-0.064453	10.766	-0.44322
-0.064209	11.689	-2.045
-0.063965	12.459	-3.4622
-0.063721	13.015	-4.7515
-0.063477	13.366	-5.9063
-0.063232	13.492	-6.7101
-0.062988	13.326	-7.329
-0.062744	12.949	-7.6681
-0.0625	12.32	-7.6021
-0.062256	11.459	-7.3441
-0.062012	10.414	-6.7514
-0.061768	9.1212	-5.8169
-0.061523	7.7328	-4.7643
-0.061279	6.21	-3.4398
-0.061035	4.5942	-1.9848
-0.060791	2.9737	-0.55818
-0.060547	1.2708	0.97388
-0.060303	-0.35801	2.3785
-0.060059	-1.946	3.5954
-0.059814	-3.5104	4.7434
-0.05957	-4.921	5.5409
-0.059326	-6.3006	6.0778
-0.059082	-7.5412	6.4101
-0.058838	-8.6674	6.3231
-0.058594	-9.7432	6.0142
-0.05835	-10.627	5.4923
-0.058105	-11.435	4.6447
-0.057861	-12.121	3.7695
-0.057617	-12.631	2.791
-0.057373	-13.089	1.7139
-0.057129	-13.329	0.82408
-0.056885	-13.422	-0.030772
-0.056641	-13.389	-0.77155
-0.056396	-13.088	-1.2071
-0.056152	-12.704	-1.5257
-0.055908	-12.085	-1.593
-0.055664	-11.263	-1.3827
-0.05542	-10.35	-1.0943
-0.055176	-9.1588	-0.57615
-0.054932	-7.8997	0.053852
-0.054688	-6.5296	0.62825
-0.054443	-5.0384	1.3104
-0.054199	-3.6343	1.8951
-0.053955	-2.1567	2.3289
-0.053711	-0.76	2.7445
-0.053467	0.48493	2.945
-0.053223	1.6653	2.9958
-0.052979	2.5673	2.9843
-0.052734	3.3099	2.7448
-0.05249	3.8632	2.4518
-0.052246	4.1431	2.1011
-0.052002	4.305	1.5966
-0.051758	4.2437	1.1495
-0.051514	4.0452	0.69097
-0.05127	3.7807	0.18409
-0.051025	3.4155	-0.18813
-0.050781	3.1058	-0.55802
-0.050537	2.8261	-0.89227
-0.050293	2.6219	-1.0924
-0.050049	2.5392	-1.3092
-0.049805	2.5471	-1.4342
-0.049561	2.708	-1.4488
-0.049316	2.9789	-1.4828
-0.049072	3.3723	-1.3932
-0.048828	3.8515	-1.2347
-0.048584	4.3465	-1.096
-0.04834	4.868	-0.84286
-0.048096	5.3239	-0.57707
-0.047852	5.7257	-0.32681
-0.047607	6.0422	-0.012937
-0.047363	6.2107	0.25318
-0.047119	6.2946	0.5087
-0.046875	6.2077	0.78207
-0.046631	6.0102	0.96255
-0.046387	5.7434	1.1307
-0.046143	5.3606	1.2599
-0.045898	5.0012	1.2717
-0.045654	4.5982	1.2534
-0.04541	4.1865	1.1592
-0.045166	3.8436	0.97857
-0.044922	3.4701	0.79114
-0.044678	3.1917	0.5438
-0.044434	2.9387	0.27239
-0.044189	2.6646	0.026574
-0.043945	2.4347	-0.24456
-0.043701	2.0898	-0.47769
-0.043457	1.6972	-0.66574
-0.043213	1.2401	-0.84693
-0.042969	0.63293	-0.95552
-0.042725	-0.026956	-1.0146
-0.04248	-0.83248	-1.0473
-0.042236	-1.7554	-1.0036
-0.041992	-2.7042	-0.93275
-0.041748	-3.7299	-0.82861
-0.041504	-4.7073	-0.67029
-0.04126	-5.6173	-0.51025
-0.041016	-6.4627	-0.33053
-0.040771	-7.1341	-0.12702
-0.040527	-7.6689	0.051762
-0.040283	-8.0162	0.23925
-0.040039	-8.1219	0.41919
-0.039795	-8.0562	0.55814
-0.039551	-7.7769	0.69166
-0.039307	-7.339	0.79608
-0.039062	-6.8031	0.85758
-0.038818	-6.1484	0.90098
-0.038574	-5.445	0.90166
-0.03833	-4.7182	0.87134
-0.038086	-3.9733	0.82776
-0.037842	-3.2786	0.74221
-0.037598	-2.624	0.64215
-0.037354	-2.0147	0.53681
-0.037109	-1.471	0.40451
-0.036865	-0.94104	0.27333
-0.036621	-0.44182	0.14149
-0.036377	0.017758	-0.0037634
-0.036133	0.48289	-0.12879
-0.035889	0.90709	-0.24636
-0.035645	1.3252	-0.35511
-0.0354	1.7542	-0.43526
-0.035156	2.151	-0.50705
-0.034912	2.547	-0.56161
-0.034668	2.8807	-0.58703
-0.034424	3.1303	-0.60947
-0.03418	3.3164	-0.61382
-0.033936	3.3905	-0.59392
-0.033691	3.3726	-0.57213
-0.033447	3.2618	-0.533
-0.033203	3.0235	-0.48221
-0.032959	2.7071	-0.43242
-0.032715	2.3048	-0.36526
-0.032471	1.8415	-0.29565
-0.032227	1.3718	-0.2315
-0.031982	0.89202	-0.16343
-0.031738	0.42615	-0.10576
-0.031494	-0.008547	-0.058109
-0.03125	-0.42775	-0.0066049
-0.031006	-0.78585	0.029357
-0.030762	-1.0828	0.058936
-0.030518	-1.3276	0.091249
-0.030273	-1.5012	0.11151
-0.030029	-1.6317	0.12564
-0.029785	-1.7376	0.13229
-0.029541	-1.8049	0.12425
-0.029297	-1.86	0.11696
-0.029053	-1.8843	0.10952
-0.028809	-1.8789	0.095418
-0.028564	-1.8807	0.087028
-0.02832	-1.8624	0.080649
-0.028076	-1.83	0.069281
-0.027832	-1.7858	0.06103
-0.027588	-1.6924	0.048567
-0.027344	-1.5742	0.035382
-0.0271	-1.4193	0.029526
-0.026855	-1.2298	0.025204
-0.026611	-1.0456	0.018856
-0.026367	-0.84331	0.01362
-0.026123	-0.62755	0.0065209
-0.025879	-0.40921	0.0012557
-0.025635	-0.18937	0.0023036
-0.025391	-0.0040116	0.0025977
-0.025146	0.14979	0.0038194
-0.024902	0.2875	0.0076445
-0.024658	0.39137	0.0053989
-0.024414	0.47678	0.00018791
-0.02417	0.55463	-0.0091206
-0.023926	0.60588	-0.024306
-0.023682	0.63001	-0.027929
-0.023438	0.62494	-0.023068
-0.023193	0.60184	-0.017869
-0.022949	0.5918	-0.013853
-0.022705	0.56527	-0.0094351
-0.022461	0.50225	-0.01267
-0.022217	0.40551	-0.014448
-0.021973	0.27628	-0.017371
-0.021729	0.12796	-0.014433
-0.021484	-0.052278	-0.007753
-0.02124	-0.26579	-0.0058915
-0.020996	-0.49563	-0.011198
-0.020752	-0.74905	-0.022865
-0.020508	-1.0273	-0.03526
-0.020264	-1.3001	-0.041533
-0.02002	-1.5348	-0.038233
-0.019775	-1.713	-0.035074
-0.019531	-1.8352	-0.035194
-0.019287	-1.9021	-0.040441
-0.019043	-1.8747	-0.04828
-0.018799	-1.7442	-0.058745
-0.018555	-1.5271	-0.065792
-0.018311	-1.2368	-0.064716
-0.018066	-0.88789	-0.058365
-0.017822	-0.49706	-0.051113
-0.017578	-0.10446	-0.048699
-0.017334	0.2524	-0.052848
-0.01709	0.56648	-0.060147
-0.016846	0.83894	-0.060169
-0.016602	1.0333	-0.054098
-0.016357	1.1228	-0.044595
-0.016113	1.1055	-0.034395
-0.015869	1.0088	-0.028556
-0.015625	0.85709	-0.030803
-0.015381	0.64882	-0.036225
-0.015137	0.42465	-0.041409
-0.014893	0.23412	-0.040132
-0.014648	0.098995	-0.029554
-0.014404	0.025241	-0.019256
-0.01416	0.018614	-0.01732
-0.013916	0.10982	-0.020129
-0.013672	0.2948	-0.024275
-0.013428	0.52527	-0.030089
-0.013184	0.75321	-0.029195
-0.012939	0.98188	-0.019111
-0.012695	1.1928	-0.010035
-0.012451	1.3478	-0.0051589
-0.012207	1.3967	-0.0037335
-0.011963	1.3275	-0.012069
-0.011719	1.1645	-0.02501
-0.011475	0.89689	-0.026879
-0.01123	0.52343	-0.024255
-0.010986	0.09085	-0.019284
-0.010742	-0.33999	-0.014673
-0.010498	-0.72561	-0.019931
-0.010254	-1.0619	-0.031654
-0.01001	-1.3077	-0.039764
-0.0097656	-1.4183	-0.043388
-0.0095215	-1.3708	-0.043672
-0.0092773	-1.2168	-0.042784
-0.0090332	-0.96703	-0.041737
-0.0087891	-0.62507	-0.045595
-0.0085449	-0.21407	-0.054455
-0.0083008	0.20146	-0.059082
-0.0080566	0.54728	-0.062024
-0.0078125	0.82727	-0.064402
-0.0075684	1.0287	-0.054402
-0.0073242	1.1003	-0.045077
-0.0070801	1.0151	-0.045185
-0.0068359	0.80552	-0.043484
-0.0065918	0.52513	-0.048775
-0.0063477	0.20117	-0.061248
-0.0061035	-0.14457	-0.055613
-0.0058594	-0.46839	-0.042161
-0.0056152	-0.70049	-0.031581
-0.0053711	-0.83158	-0.017379
-0.005127	-0.86747	-0.017121
-0.0048828	-0.77956	-0.031202
-0.0046387	-0.56549	-0.034557
-0.0043945	-0.24547	-0.031347
-0.0041504	0.088776	-0.02945
-0.0039062	0.42466	-0.023511
-0.0036621	0.75911	-0.024273
-0.003418	1.0674	-0.030766
-0.0031738	1.2606	-0.035426
-0.0029297	1.3145	-0.034093
-0.0026855	1.245	-0.030926
-0.0024414	1.0975	-0.033395
-0.0021973	0.86317	-0.040353
-0.0019531	0.56078	-0.043147
-0.001709	0.24585	-0.054973
-0.0014648	-0.031162	-0.062165
-0.0012207	-0.2797	-0.054256
-0.00097656	-0.45373	-0.058246
-0.00073242	-0.52177	-0.057565
-0.00048828	-0.44245	-0.040381
-0.00024414	-0.30796	-0.043174
0	-0.12833	-0.047032
0.00024414	0.090575	-0.040635
0.00048828	0.38809	-0.058462
0.00073242	0.66568	-0.068647
0.00097656	0.86528	-0.055923
0.0012207	0.95327	-0.056369
0.0014648	0.9867	-0.044127
0.001709	0.95047	-0.025264
0.0019531	0.82548	-0.031918
0.0021973	0.61119	-0.037776
0.0024414	0.37769	-0.04236
0.0026855	0.11692	-0.058984
0.0029297	-0.10741	-0.053367
0.0031738	-0.30584	-0.042693
0.003418	-0.3724	-0.041757
0.0036621	-0.39021	-0.035855
0.0039062	-0.3573	-0.04236
0.0041504	-0.30825	-0.045569
0.0043945	-0.13516	-0.028864
0.0046387	0.093608	-0.022721
0.0048828	0.31038	-0.021709
0.005127	0.4408	-0.030018
0.0053711	0.54803	-0.061977
0.0056152	0.64672	-0.063449
0.0058594	0.70509	-0.037475
0.0061035	0.65806	-0.025211
0.0063477	0.57066	-0.0087976
0.0065918	0.41564	-0.011705
0.0068359	0.27746	-0.039757
0.0070801	0.088296	-0.032654
0.0073242	-0.02226	-0.01436
0.0075684	-0.11262	-0.022872
0.0078125	-0.14733	-0.027149
0.0080566	-0.2161	-0.043296
0.0083008	-0.18777	-0.053558
0.0085449	-0.081649	-0.013398
0.0087891	0.080384	0.01837
0.0090332	0.17195	0.011928
0.0092773	0.23246	-0.0075476
0.0095215	0.31361	-0.043122
0.0097656	0.4311	-0.049823
0.01001	0.47359	-0.009156
0.010254	0.46548	0.0070836
0.010498	0.37278	-0.0025261
0.010742	0.32256	-0.016016
0.010986	0.21056	-0.032497
0.01123	0.13723	-0.009178
0.011475	0.027557	0.029494
0.011719	-0.017084	0.023314
0.011963	-0.11725	-0.0026669
0.012207	-0.1612	-0.031701
0.012451	-0.16488	-0.044733
0.012695	-0.076614	-0.0050062
0.012939	-0.015664	0.026284
0.013184	-0.0012493	0.017953
0.013428	0.016228	0.0085114
0.013672	0.099059	-0.0046363
0.013916	0.1819	0.0019755
0.01416	0.22316	0.0323
0.014404	0.16774	0.025162
0.014648	0.13877	-0.007975
0.014893	0.092089	-0.015076
0.015137	0.080044	-0.0097339
0.015381	0.0016891	0.01971
0.015625	-0.042201	0.048738
0.015869	-0.12587	0.035517
0.016113	-0.17112	0.014988
0.016357	-0.21781	0.016237
0.016602	-0.20043	0.018072
0.016846	-0.17304	0.028285
0.01709	-0.17212	0.026187
0.017334	-0.19362	0.0070334
0.017578	-0.17357	0.014194
0.017822	-0.1118	0.036286
0.018066	-0.038618	0.045843
0.018311	-0.053732	0.052588
0.018555	-0.074656	0.039905
0.018799	-0.11125	0.023688
0.019043	-0.070917	0.03103
0.019287	-0.099189	0.036979
0.019531	-0.10947	0.033307
0.019775	-0.19477	0.032346
0.02002	-0.21354	0.024849
0.020264	-0.26341	0.035742
0.020508	-0.25378	0.063675
0.020752	-0.2709	0.06631
0.020996	-0.26973	0.049276
0.02124	-0.31277	0.030009
0.021484	-0.32043	0.01716
0.021729	-0.31867	0.037088
0.021973	-0.26046	0.057261
0.022217	-0.25766	0.048014
0.022461	-0.26231	0.036186
0.022705	-0.30712	0.033738
0.022949	-0.27364	0.045217
0.023193	-0.26618	0.068993
0.023438	-0.23659	0.065713
0.023682	-0.28879	0.033342
0.023926	-0.29512	0.015183
0.02417	-0.31012	0.017419
0.024414	-0.28193	0.038416
0.024658	-0.27246	0.0541
0.024902	-0.26862	0.039891
0.025146	-0.28617	0.023778
0.025391	-0.30677	0.026425
0.025635	-0.31541	0.03114
0.025879	-0.30282	0.04005
0.026123	-0.30147	0.039849
0.026367	-0.32719	0.017609
0.026611	-0.38201	0.0056619
0.026855	-0.39256	0.0081037
0.0271	-0.39868	0.017579
0.027344	-0.37671	0.037067
0.027588	-0.42768	0.033872
0.027832	-0.45443	0.0071648
0.028076	-0.49012	-0.0015107
0.02832	-0.46753	0.0038263
0.028564	-0.47334	0.0094068
0.028809	-0.46399	0.012808
0.029053	-0.48804	-0.0052303
0.029297	-0.47871	-0.016615
0.029541	-0.49941	-0.00091868
0.029785	-0.4668	0.0087119
0.030029	-0.46933	0.0072664
0.030273	-0.43991	-0.0032751
0.030518	-0.49521	-0.024511
0.030762	-0.49216	-0.026561
0.031006	-0.5244	-0.014043
0.03125	-0.47706	-0.015251
0.031494	-0.51909	-0.019407
0.031738	-0.53284	-0.022211
0.031982	-0.58637	-0.022948
0.032227	-0.565	-0.014851
0.032471	-0.56824	-0.022579
0.032715	-0.56422	-0.036721
0.032959	-0.59099	-0.030999
0.033203	-0.59354	-0.025924
0.033447	-0.59253	-0.033328
0.033691	-0.58519	-0.038757
0.033936	-0.57479	-0.038872
0.03418	-0.56905	-0.033094
0.034424	-0.56571	-0.028204
0.034668	-0.58466	-0.042536
0.034912	-0.58084	-0.04785
0.035156	-0.57808	-0.037734
0.0354	-0.55361	-0.035689
0.035645	-0.58626	-0.045018
0.035889	-0.59156	-0.052375
0.036133	-0.61763	-0.053499
0.036377	-0.5745	-0.042115
0.036621	-0.58513	-0.035151
0.036865	-0.56926	-0.04307
0.037109	-0.60062	-0.049046
0.037354	-0.57046	-0.048992
0.037598	-0.56274	-0.045366
0.037842	-0.5292	-0.041846
0.038086	-0.5289	-0.050806
0.03833	-0.51361	-0.060649
0.038574	-0.50378	-0.050461
0.038818	-0.49033	-0.038556
0.039062	-0.47181	-0.040035
0.039307	-0.46453	-0.054177
0.039551	-0.44906	-0.061201
0.039795	-0.4609	-0.05044
0.040039	-0.45029	-0.041347
0.040283	-0.45558	-0.053372
0.040527	-0.42312	-0.059982
0.040771	-0.43475	-0.04976
0.041016	-0.42105	-0.042726
0.04126	-0.44482	-0.045139
0.041504	-0.40766	-0.056959
0.041748	-0.40565	-0.057226
0.041992	-0.36884	-0.044273
0.042236	-0.38786	-0.036649
0.04248	-0.3601	-0.04615
0.042725	-0.35606	-0.051985
0.042969	-0.31286	-0.049798
0.043213	-0.31488	-0.047511
0.043457	-0.29649	-0.048637
0.043701	-0.29351	-0.053297
0.043945	-0.26993	-0.054206
0.044189	-0.25978	-0.049288
0.044434	-0.25218	-0.043505
0.044678	-0.23702	-0.04541
0.044922	-0.23138	-0.051486
0.045166	-0.21814	-0.050659
0.04541	-0.22544	-0.039848
0.045654	-0.20211	-0.03743
0.045898	-0.20139	-0.043795
0.046143	-0.18373	-0.045811
0.046387	-0.20876	-0.04132
0.046631	-0.1927	-0.038031
0.046875	-0.19376	-0.037579
0.047119	-0.16455	-0.046137
0.047363	-0.18036	-0.045827
0.047607	-0.16644	-0.031684
0.047852	-0.16878	-0.026224
0.048096	-0.13716	-0.031736
0.04834	-0.14061	-0.031785
0.048584	-0.13284	-0.027906
0.048828	-0.13188	-0.029825
0.049072	-0.10624	-0.029253
0.049316	-0.097543	-0.029033
0.049561	-0.087177	-0.027761
0.049805	-0.078631	-0.028314
0.050049	-0.060443	-0.024768
0.050293	-0.042959	-0.027823
0.050537	-0.043927	-0.029696
0.050781	-0.036052	-0.024591
0.051025	-0.039167	-0.019166
0.05127	-0.032315	-0.021982
0.051514	-0.051389	-0.01766
0.051758	-0.054587	-0.015595
0.052002	-0.067925	-0.024594
0.052246	-0.065356	-0.023441
0.05249	-0.091434	-0.020243
0.052734	-0.11159	-0.024118
0.052979	-0.12721	-0.027094
0.053223	-0.12288	-0.018694
0.053467	-0.13407	-0.01989
0.053711	-0.149	-0.020254
0.053955	-0.16477	-0.018203
0.054199	-0.1546	-0.015785
0.054443	-0.14207	-0.017726
0.054688	-0.13796	-0.013468
0.054932	-0.12907	-0.0097245
0.055176	-0.11195	-0.016642
0.05542	-0.080099	-0.018215
0.055664	-0.062418	-0.016752
0.055908	-0.035415	-0.019903
0.056152	-0.0096917	-0.02423
0.056396	0.027409	-0.01328
0.056641	0.043063	-0.015629
0.056885	0.055517	-0.015551
0.057129	0.073474	-0.0061112
0.057373	0.098515	-0.0082714
0.057617	0.098262	-0.016159
0.057861	0.082651	-0.014215
0.058105	0.067905	-0.0057223
0.05835	0.07478	-0.011242
0.058594	0.065968	-0.0076495
0.058838	0.030003	-0.01059
0.059082	-0.0053518	-0.015514
0.059326	-0.022425	-0.014634
0.05957	-0.029686	-0.016749
0.059814	-0.064221	-0.013731
0.060059	-0.098688	-0.020129
0.060303	-0.11811	0.0010378
0.060547	-0.11469	-0.0018021
0.060791	-0.13237	-0.0025461
0.061035	-0.14206	-0.013085
0.061279	-0.135	-0.0016997
0.061523	-0.099674	-0.015661
0.061768	-0.085385	-0.019661
0.062012	-0.072401	-0.0040792
0.062256	-0.035699	-0.018544
0.0625	0.030855	-0.006418
0.062744	0.075163	-0.012761
0.062988	0.091392	-0.00013634
0.063232	0.1153	-0.035951
0.063477	0.17412	-0.0013482
0.063721	0.21416	-0.024619
0.063965	0.20807	-0.0050619
0.064209	0.19495	-0.016993
0.064453	0.20926	-0.001626
0.064697	0.22365	-0.012129
0.064941	0.19049	-0.01863
0.065186	0.14769	-0.0033819
0.06543	0.13226	-0.03514
0.065674	0.13181	-0.0048783
0.065918	0.092376	-0.03383
0.066162	0.045007	0.019662
0.066406	0.031205	-0.045436
0.06665	0.045055	0.017123
0.066895	0.01919	-0.032697
0.067139	-0.018315	-0.0016784
0.067383	-0.023895	-0.033628
0.067627	0.012294	-0.0036763
0.067871	0.014896	-0.015796
0.068115	-0.01432	-0.018358
0.068359	-0.014172	0.02169
0.068604	0.032487	-0.034567
0.068848	0.060673	0.027273
0.069092	0.049099	-0.048322
0.069336	0.048293	0.033304
0.06958	0.094541	-0.067617
0.069824	0.13393	0.031022
0.070068	0.12926	-0.049247
0.070312	0.12574	0.01841
0.070557	0.16007	-0.034812
0.070801	0.18684	0.0022138
0.071045	0.16966	-0.013231
0.071289	0.14609	-0.034816
0.071533	0.16108	0.026465
0.071777	0.17891	-0.047059
0.072021	0.14572	0.054769
0.072266	0.1017	-0.051544
0.07251	0.10034	0.075109
0.072754	0.11166	-0.07175
0.072998	0.087441	0.054646
0.073242	0.042625	-0.066906
0.073486	0.035058	0.025641
0.07373	0.052084	-0.039682
0.073975	0.041702	0.013747
0.074219	0.013484	0.011636
0.074463	0.0060645	-0.017058
0.074707	0.025745	0.054987
0.074951	0.024694	-0.051525
0.075195	0.0031362	0.070991
0.075439	0.00091216	-0.06886
0.075684	0.01731	0.099931
0.075928	0.025162	-0.061677
0.076172	0.004329	0.096919
0.076416	0.0071092	-0.040467
0.07666	0.032103	0.058629
0.076904	0.041985	-0.032689
0.077148	0.031914	0.010644
0.077393	0.029205	0.019012
0.077637	0.050311	-0.013736
0.077881	0.063227	0.089219
0.078125	0.05362	-0.018757
0.078369	0.044778	0.12206
0.078613	0.045419	-0.051767
0.078857	0.043024	0.12401
0.079102	0.02565	-0.066294
0.079346	0.0096351	0.1043
0.07959	0.00058082	-0.0212
0.079834	-0.010884	0.097598
0.080078	-0.028511	0.014225
0.080322	-0.044491	0.055262
0.080566	-0.046325	0.051209
0.080811	-0.050668	-0.016192
0.081055	-0.058945	0.090031
0.081299	-0.063266	-0.020895
0.081543	-0.060494	0.14003
0.081787	-0.061545	-0.014163
0.082031	-0.063732	0.17467
0.082275	-0.064713	-0.026844
0.08252	-0.066404	0.11937
0.082764	-0.073957	-0.020215
0.083008	-0.080153	0.080897
0.083252	-0.077818	0.017845
0.083496	-0.075663	0.076011
0.08374	-0.083256	0.096188
0.083984	-0.085182	0.027795
0.084229	-0.071694	0.1227
0.084473	-0.056915	-0.018128
0.084717	-0.053454	0.10998
0.084961	-0.050919	-0.038074
0.085205	-0.03468	0.15428
0.085449	-0.018739	-0.010336
0.085693	-0.021995	0.14047
0.085938	-0.031771	0.020801
0.086182	-0.026542	0.078672
0.086426	-0.027968	0.0037897
0.08667	-0.050928	0.02655
0.086914	-0.075992	0.060629
0.087158	-0.08025	0.00364
0.087402	-0.080604	0.13387
0.087646	-0.09992	0.0074252
0.087891	-0.12126	0.12528
0.088135	-0.11179	-0.044367
0.088379	-0.089536	0.10488
0.088623	-0.085913	-0.06279
0.088867	-0.089276	0.080741
0.089111	-0.068143	0.0057364
0.089355	-0.033948	0.079774
0.0896	-0.02326	0.029496
0.089844	-0.032256	0.03215
0.090088	-0.019561	0.040185
0.090332	0.0077724	-0.051913
0.090576	0.0028886	0.059924
0.09082	-0.024282	-0.037504
0.091064	-0.028424	0.091472
0.091309	-0.012359	-0.028452
0.091553	-0.020082	0.10918
0.091797	-0.052117	-0.054153
0.092041	-0.063376	0.032441
0.092285	-0.043056	-0.044805
0.092529	-0.03749	0.0013579
0.092773	-0.055676	-0.011455
0.093018	-0.0563	0.017554
0.093262	-0.023193	0.052294
0.093506	-0.00029387	-0.033337
0.09375	-0.0073133	0.051909
0.093994	-0.0064408	-0.070875
0.094238	0.028944	0.01933
0.094482	0.052364	-0.078166
0.094727	0.036939	0.057082
0.094971	0.023047	-0.048392
0.095215	0.038814	0.042661
0.095459	0.047535	-0.02018
0.095703	0.0222	-0.011271
0.095947	-0.0082228	-0.040592
0.096191	-0.0081354	-0.040826
0.096436	0.0018418	0.0016911
0.09668	-0.012199	-0.050514
0.096924	-0.029722	0.051039
0.097168	-0.015271	-0.039593
0.097412	0.01482	0.034662
0.097656	0.022837	-0.071398
0.0979	0.019046	0.017978
0.098145	0.038	-0.077414
0.098389	0.069205	0.0079963
0.098633	0.072175	-0.024832
0.098877	0.055683	0.0097798
0.099121	0.054665	-0.0089185
0.099365	0.062666	-0.014719
0.099609	0.048384	-0.0055557
0.099854	0.018223	-0.059212
0.1001	0.0016372	0.0072722
0.10034	0.0046186	-0.04528
0.10059	0.0019299	0.027266
0.10083	-0.011147	-0.035993
0.10107	-0.011105	0.034281
0.10132	0.0085249	-0.046488
0.10156	0.024282	0.0014667
0.10181	0.026268	-0.036152
0.10205	0.030442	-0.0070612
0.10229	0.045281	-0.012293
0.10254	0.052765	0.0028812
0.10278	0.040338	0.016096
0.10303	0.027725	-0.022266
0.10327	0.026876	0.014281
0.10352	0.022878	-0.035655
0.10376	0.0040884	0.01019
0.104	-0.013342	-0.033465
0.10425	-0.014315	0.029155
0.10449	-0.0083605	-0.020178
0.10474	-0.010418	0.023358
0.10498	-0.012883	-0.015048
0.10522	-0.0047824	-0.001505
0.10547	0.0061945	-0.016439
0.10571	0.0096573	-0.0057135
0.10596	0.010014	0.0037572
0.1062	0.012578	-0.0071486
0.10645	0.013904	0.024148
0.10669	0.0074193	-0.0099393
0.10693	-0.0022919	0.020679
0.10718	-0.0074993	-0.02417
0.10742	-0.0085581	0.015689
0.10767	-0.012673	-0.021754
0.10791	-0.022093	0.018147
0.10815	-0.027287	-0.011414
0.1084	-0.022765	0.016169
0.10864	-0.016673	-0.0032925
0.10889	-0.016854	0.0027453
0.10913	-0.016501	-0.003954
0.10938	-0.011076	-0.008304
0.10962	-0.008067	0.0038188
0.10986	-0.0095458	-0.010944
0.11011	-0.0083403	0.011503
0.11035	-0.0051872	-0.012741
0.1106	-0.0080397	0.015912
0.11084	-0.014042	-0.013588
0.11108	-0.013523	0.0058725
0.11133	-0.010772	-0.018053
0.11157	-0.011551	0.0059432
0.11182	-0.013265	-0.01546
0.11206	-0.014032	-0.0064679
0.1123	-0.015773	-0.012904
0.11255	-0.014247	-0.002834
0.11279	-0.0098514	-0.0038983
0.11304	-0.010331	-0.0099073
0.11328	-0.011874	-0.0067994
0.11353	-0.007889	-0.010767
0.11377	-0.0039018	-0.0011612
0.11401	-0.0041586	-0.01776
0.11426	-0.0008089	-0.019887
0.1145	0.005273	-0.017813
0.11475	0.002636	-0.0053952
0.11499	-0.0015168	-0.01269
0.11523	0.0037351	-0.022922
0.11548	0.0074672	-0.01597
0.11572	0.0026019	-0.015194
0.11597	0.0020302	-0.011745
0.11621	0.0064485	-0.036101
0.11646	0.0047049	-0.023946
0.1167	0.0046415	-0.020946
0.11694	0.011752	0.00062176
0.11719	0.013764	-0.025242
0.11743	0.01052	-0.023784
0.11768	0.015287	-0.027503
0.11792	0.023625	-0.0095082
0.11816	0.022964	-0.034064
0.11841	0.023928	-0.04043
0.11865	0.030262	-0.038369
0.1189	0.02849	-0.010152
0.11914	0.023426	-0.015513
0.11938	0.029235	-0.03369
0.11963	0.033197	-0.041238
0.11987	0.026351	-0.020887
0.12012	0.026564	-0.020268
0.12036	0.034608	-0.038853
0.12061	0.032901	-0.055458
0.12085	0.03149	-0.035486
0.12109	0.039424	-0.018667
0.12134	0.042149	-0.028694
0.12158	0.034377	-0.057664
0.12183	0.037063	-0.051797
0.12207	0.044725	-0.026109
0.12231	0.03844	-0.025769
0.12256	0.034448	-0.05672
0.1228	0.0408	-0.06428
0.12305	0.042072	-0.0331
0.12329	0.034705	-0.017888
0.12354	0.042035	-0.044771
0.12378	0.047925	-0.074377
0.12402	0.041177	-0.050665
0.12427	0.040696	-0.020995
0.12451	0.049262	-0.033305
0.12476	0.046039	-0.075067
0.125	0.038084	-0.067232
0.12524	0.04524	-0.026581
0.12549	0.046512	-0.019407
0.12573	0.037077	-0.067339
0.12598	0.039089	-0.082269
0.12622	0.049263	-0.043097
0.12646	0.042131	-0.011693
0.12671	0.035887	-0.049544
0.12695	0.045579	-0.08903
0.1272	0.046004	-0.060653
0.12744	0.034945	-0.010235
0.12769	0.039795	-0.028306
0.12793	0.046553	-0.084253
0.12817	0.038337	-0.080514
0.12842	0.036285	-0.018581
0.12866	0.044621	-0.0072435
0.12891	0.038245	-0.067315
0.12915	0.023124	-0.093222
0.12939	0.028221	-0.036892
0.12964	0.030732	0.0042558
0.12988	0.015877	-0.041322
0.13013	0.016875	-0.096157
0.13037	0.031038	-0.056558
0.13062	0.0216	0.0071115
0.13086	0.01568	-0.010837
0.1311	0.029118	-0.08348
0.13135	0.02594	-0.076365
0.13159	0.0092316	-0.0047295
0.13184	0.0069206	0.012437
0.13208	0.012968	-0.058386
0.13232	0.0018129	-0.084272
0.13257	0.00047358	-0.020805
0.13281	0.019709	0.028993
0.13306	0.021375	-0.023227
0.1333	0.0090465	-0.081333
0.13354	0.023633	-0.041897
0.13379	0.028018	0.027038
0.13403	0.0038233	0.0080451
0.13428	0.0029828	-0.063186
0.13452	0.0086108	-0.057208
0.13477	-0.0052192	0.017077
0.13501	-0.011528	0.033611
0.13525	0.0057805	-0.033761
0.1355	0.01138	-0.063209
0.13574	0.002351	-0.0025519
0.13599	0.0063435	0.042913
0.13623	0.019798	-0.0012067
0.13647	0.0051629	-0.053589
0.13672	-0.0065779	-0.016195
0.13696	0.013256	0.043888
0.13721	0.0036715	0.029148
0.13745	-0.011733	-0.032569
0.1377	0.0077573	-0.028695
0.13794	0.013981	0.03132
0.13818	-0.0047923	0.045918
0.13843	0.0020153	-0.005049
0.13867	0.0071932	-0.027947
0.13892	-0.0057955	0.018626
0.13916	-0.012604	0.051005
0.1394	-0.005322	0.018399
0.13965	0.0086228	-0.021881
0.13989	0.0024501	0.0033705
0.14014	0.011059	0.044231
0.14038	0.035673	0.03646
0.14062	0.018497	-0.0035383
0.14087	-0.0023734	-0.0014732
0.14111	0.010299	0.036059
0.14136	-0.016249	0.044343
0.1416	-0.041474	0.014471
0.14185	-0.015437	0.00058962
0.14209	-0.0089245	0.028907
0.14233	-0.0026571	0.047147
0.14258	0.032112	0.030629
0.14282	0.048317	0.0088705
0.14307	0.049693	0.020395
0.14331	0.033976	0.038404
0.14355	0.0026143	0.034009
0.1438	-0.016566	0.0146
0.14404	-0.055256	0.014428
0.14429	-0.071711	0.028933
0.14453	-0.030862	0.02896
0.14478	-0.015449	0.016653
0.14502	0.012122	0.01096
0.14526	0.080335	0.019513
0.14551	0.078087	0.023044
0.14575	0.058623	0.019022
0.146	0.054287	0.014349
0.14624	-0.014196	0.018018
0.14648	-0.069331	0.019384
0.14673	-0.084247	0.018029
0.14697	-0.10063	0.017044
0.14722	-0.0611	0.019395
0.14746	0.001175	0.018723
0.14771	0.046317	0.015165
0.14795	0.11316	0.015098
0.14819	0.11384	0.015196
0.14844	0.068655	0.010769
0.14868	0.040074	0.0035403
0.14893	-0.058166	0.0039499
0.14917	-0.13439	0.0086673
0.14941	-0.12738	0.0077033
0.14966	-0.13528	-0.0017543
0.1499	-0.079584	-0.0049487
0.15015	0.039499	0.00064507
0.15039	0.086424	0.0038768
0.15063	0.13522	-0.0040462
0.15088	0.15095	-0.0083074
0.15112	0.057231	-0.00097826
0.15137	-0.016392	0.0073339
0.15161	-0.10285	0.002302
0.15186	-0.19417	-0.0070633
0.1521	-0.17333	-0.0067571
0.15234	-0.13123	0.0010284
0.15259	-0.058648	0.00090461
0.15283	0.085707	-0.009977
0.15308	0.14194	-0.014186
0.15332	0.1573	-0.0084189
0.15356	0.16499	-0.0060606
0.15381	0.039563	-0.017797
0.15405	-0.070272	-0.02761
0.1543	-0.1325	-0.024732
0.15454	-0.22694	-0.016586
0.15479	-0.19464	-0.017033
0.15503	-0.092174	-0.023226
0.15527	-0.018478	-0.023429
0.15552	0.12325	-0.016299
0.15576	0.20393	-0.012834
0.15601	0.17656	-0.021827
0.15625	0.15474	-0.025568
0.15649	0.032015	-0.020801
0.15674	-0.11197	-0.012875
0.15698	-0.15889	-0.017122
0.15723	-0.22317	-0.023569
0.15747	-0.18698	-0.026562
0.15771	-0.041905	-0.022266
0.15796	0.044378	-0.022413
0.1582	0.16607	-0.029152
0.15845	0.25546	-0.031539
0.15869	0.19013	-0.027026
0.15894	0.1295	-0.021404
0.15918	0.026054	-0.027373
0.15942	-0.13607	-0.032608
0.15967	-0.17228	-0.035639
0.15991	-0.17989	-0.030321
0.16016	-0.14706	-0.030908
0.1604	0.0090891	-0.032651
0.16064	0.10927	-0.03379
0.16089	0.18463	-0.027906
0.16113	0.25734	-0.023881
0.16138	0.18372	-0.027189
0.16162	0.093316	-0.028889
0.16187	0.014265	-0.026889
0.16211	-0.12969	-0.02069
0.16235	-0.1628	-0.022673
0.1626	-0.12682	-0.023907
0.16284	-0.10251	-0.028177
0.16309	0.031436	-0.028549
0.16333	0.13734	-0.032608
0.16357	0.17107	-0.037117
0.16382	0.22196	-0.039779
0.16406	0.16326	-0.038112
0.16431	0.058334	-0.034752
0.16455	-0.00034499	-0.03537
0.16479	-0.10716	-0.032616
0.16504	-0.1486	-0.032769
0.16528	-0.095565	-0.028565
0.16553	-0.068344	-0.027569
0.16577	0.029775	-0.022654
0.16602	0.13264	-0.021553
0.16626	0.14236	-0.018491
0.1665	0.16739	-0.019696
0.16675	0.1259	-0.022472
0.16699	0.022713	-0.025028
0.16724	-0.024105	-0.029146
0.16748	-0.08916	-0.031866
0.16772	-0.13112	-0.035396
0.16797	-0.079584	-0.034302
0.16821	-0.045898	-0.037131
0.16846	0.013052	-0.036813
0.1687	0.096908	-0.037996
0.16895	0.096309	-0.034922
0.16919	0.099077	-0.032139
0.16943	0.078066	-0.027888
0.16968	-0.0060052	-0.024818
0.16992	-0.046789	-0.022339
0.17017	-0.079989	-0.019472
0.17041	-0.11267	-0.021428
0.17065	-0.078031	-0.023356
0.1709	-0.04786	-0.027874
0.17114	-0.016664	-0.028283
0.17139	0.047023	-0.031739
0.17163	0.04822	-0.031864
0.17188	0.037549	-0.034404
0.17212	0.030099	-0.034398
0.17236	-0.028345	-0.034296
0.17261	-0.065182	-0.032775
0.17285	-0.084824	-0.031179
0.1731	-0.10892	-0.029664
0.17334	-0.087898	-0.026088
0.17358	-0.058088	-0.025767
0.17383	-0.039891	-0.0252
0.17407	0.0018276	-0.029593
0.17432	0.011388	-0.032194
0.17456	-0.001703	-0.036366
0.1748	-0.011404	-0.036748
0.17505	-0.049351	-0.039237
0.17529	-0.075169	-0.038346
0.17554	-0.087457	-0.035479
0.17578	-0.10276	-0.031116
0.17603	-0.08946	-0.028204
0.17627	-0.063611	-0.025895
0.17651	-0.048527	-0.022213
0.17676	-0.026314	-0.021122
0.177	-0.014932	-0.02125
0.17725	-0.022143	-0.025709
0.17749	-0.032101	-0.030016
0.17773	-0.054898	-0.037316
0.17798	-0.074493	-0.042781
0.17822	-0.082626	-0.048208
0.17847	-0.087564	-0.049462
0.17871	-0.081585	-0.048132
0.17896	-0.064814	-0.043192
0.1792	-0.045511	-0.036287
0.17944	-0.031149	-0.029964
0.17969	-0.023077	-0.023711
0.17993	-0.023566	-0.020109
0.18018	-0.031907	-0.017166
0.18042	-0.044756	-0.019032
0.18066	-0.06134	-0.022757
0.18091	-0.071472	-0.029342
0.18115	-0.06933	-0.034979
0.1814	-0.064738	-0.041773
0.18164	-0.054523	-0.047577
0.18188	-0.035592	-0.049731
0.18213	-0.022285	-0.048544
0.18237	-0.013394	-0.044373
0.18262	-0.010067	-0.039366
0.18286	-0.020302	-0.031373
0.18311	-0.027122	-0.024188
0.18335	-0.037456	-0.018292
0.18359	-0.051036	-0.015572
0.18384	-0.04868	-0.014903
0.18408	-0.042918	-0.017536
0.18433	-0.034133	-0.023781
0.18457	-0.017549	-0.031016
0.18481	-0.006589	-0.038537
0.18506	0.0033473	-0.044935
0.1853	0.0097624	-0.049427
0.18555	7.6593e-05	-0.049272
0.18579	-0.0068318	-0.044793
0.18604	-0.014169	-0.038359
0.18628	-0.027437	-0.029922
0.18652	-0.02708	-0.020664
0.18677	-0.024296	-0.01251
0.18701	-0.016746	-0.0093831
0.18726	0.0017965	-0.0091232
0.1875	0.012369	-0.012242
0.18774	0.021075	-0.018437
0.18799	0.02849	-0.027504
0.18823	0.021367	-0.035529
0.18848	0.012382	-0.041342
0.18872	0.0037484	-0.044399
0.18896	-0.0069545	-0.044417
0.18921	-0.0073517	-0.040304
0.18945	-0.0067756	-0.033732
0.1897	-0.0020674	-0.025724
0.18994	0.014351	-0.017731
0.19019	0.026699	-0.011358
0.19043	0.0353	-0.0075789
0.19067	0.039283	-0.007079
0.19092	0.032252	-0.0093562
0.19116	0.025139	-0.01496
0.19141	0.016671	-0.021011
0.19165	0.0098191	-0.02769
0.19189	0.011803	-0.032848
0.19214	0.0152	-0.036404
0.19238	0.021272	-0.036798
0.19263	0.03211	-0.034805
0.19287	0.040309	-0.030977
0.19312	0.047339	-0.02476
0.19336	0.050352	-0.018799
0.1936	0.043815	-0.013679
0.19385	0.035486	-0.01132
0.19409	0.027958	-0.0093263
0.19434	0.023426	-0.011453
0.19458	0.022056	-0.015018
0.19482	0.02087	-0.019207
0.19507	0.025597	-0.023436
0.19531	0.031755	-0.027777
0.19556	0.036663	-0.030537
0.1958	0.041052	-0.03083
0.19604	0.039356	-0.030499
0.19629	0.032964	-0.027889
0.19653	0.027249	-0.024759
0.19678	0.023036	-0.020971
0.19702	0.021442	-0.018584
0.19727	0.020979	-0.016526
0.19751	0.018847	-0.015986
0.19775	0.019256	-0.017495
0.198	0.022664	-0.019077
0.19824	0.029153	-0.021608
0.19849	0.035904	-0.024608
0.19873	0.033773	-0.027115
0.19897	0.025723	-0.027292
0.19922	0.017294	-0.02815
0.19946	0.011734	-0.027484
0.19971	0.012573	-0.025527
0.19995	0.01681	-0.023699
0.2002	0.019064	-0.023782
0.20044	0.018101	-0.022554
0.20068	0.016213	-0.02225
0.20093	0.017572	-0.025167
0.20117	0.02265	-0.027
0.20142	0.023448	-0.026336
0.20166	0.019207	-0.028937
0.2019	0.012984	-0.029725
0.20215	0.006861	-0.028031
0.20239	0.0056267	-0.027923
0.20264	0.0078971	-0.027825
0.20288	0.012375	-0.0268
0.20312	0.015212	-0.026608
0.20337	0.015345	-0.026888
0.20361	0.014503	-0.028605
0.20386	0.014226	-0.029214
0.2041	0.012534	-0.02959
0.20435	0.011074	-0.032602
0.20459	0.01043	-0.031954
0.20483	0.0088216	-0.030628
0.20508	0.010767	-0.032829
0.20532	0.013385	-0.030036
0.20557	0.012783	-0.028767
0.20581	0.011873	-0.03042
0.20605	0.014426	-0.028653
0.2063	0.018605	-0.028312
0.20654	0.019273	-0.031302
0.20679	0.017654	-0.030601
0.20703	0.014218	-0.031676
0.20728	0.010856	-0.033263
0.20752	0.011157	-0.033988
0.20776	0.016369	-0.034642
0.20801	0.020387	-0.03306
0.20825	0.020587	-0.033988
0.2085	0.018306	-0.034869
0.20874	0.015259	-0.030888
0.20898	0.01644	-0.032433
0.20923	0.021724	-0.034334
0.20947	0.024936	-0.030691
0.20972	0.023968	-0.032367
0.20996	0.021947	-0.035606
0.21021	0.020392	-0.032525
0.21045	0.02246	-0.033865
0.21069	0.027871	-0.036043
0.21094	0.029852	-0.03494
0.21118	0.029252	-0.035026
0.21143	0.029106	-0.035013
0.21167	0.029692	-0.036053
0.21191	0.031338	-0.036587
0.21216	0.036214	-0.034368
0.2124	0.040077	-0.03623
0.21265	0.039728	-0.037487
0.21289	0.040928	-0.034247
0.21313	0.044418	-0.036129
0.21338	0.045289	-0.037273
0.21362	0.044319	-0.033225
0.21387	0.04521	-0.035743
0.21411	0.044053	-0.036412
0.21436	0.044787	-0.033522
0.2146	0.051078	-0.036023
0.21484	0.054341	-0.036825
0.21509	0.053022	-0.035346
0.21533	0.052542	-0.03855
0.21558	0.05346	-0.037242
0.21582	0.055074	-0.036969
0.21606	0.05824	-0.038915
0.21631	0.059961	-0.036249
0.21655	0.055167	-0.036852
0.2168	0.052009	-0.037249
0.21704	0.053989	-0.033661
0.21729	0.058409	-0.037142
0.21753	0.064509	-0.035615
0.21777	0.068446	-0.032222
0.21802	0.065312	-0.037897
0.21826	0.062479	-0.03605
0.21851	0.064289	-0.033181
0.21875	0.066867	-0.040089
0.21899	0.067488	-0.037296
0.21924	0.066488	-0.036581
0.21948	0.06134	-0.040409
0.21973	0.056466	-0.036463
0.21997	0.058072	-0.037412
0.22021	0.061601	-0.036735
0.22046	0.061621	-0.032433
0.2207	0.062353	-0.036903
0.22095	0.062171	-0.03263
0.22119	0.058934	-0.030727
0.22144	0.060227	-0.038797
0.22168	0.062383	-0.033652
0.22192	0.05846	-0.033399
0.22217	0.055308	-0.040939
0.22241	0.055492	-0.035256
0.22266	0.054832	-0.037469
0.2229	0.054635	-0.038718
0.22314	0.057409	-0.033283
0.22339	0.058528	-0.037937
0.22363	0.059991	-0.033431
0.22388	0.066924	-0.029493
0.22412	0.072574	-0.036414
0.22437	0.070501	-0.029842
0.22461	0.071006	-0.030709
0.22485	0.070962	-0.038361
0.2251	0.070318	-0.032072
0.22534	0.073766	-0.037714
0.22559	0.078749	-0.039809
0.22583	0.07701	-0.034272
0.22607	0.075445	-0.040696
0.22632	0.079814	-0.03426
0.22656	0.080936	-0.031006
0.22681	0.085289	-0.037314
0.22705	0.087293	-0.026765
0.22729	0.084075	-0.028601
0.22754	0.075613	-0.0353
0.22778	0.075058	-0.025267
0.22803	0.071995	-0.033295
0.22827	0.068767	-0.036118
0.22852	0.06551	-0.030373
0.22876	0.063898	-0.040459
0.229	0.05635	-0.034263
0.22925	0.059107	-0.033039
0.22949	0.061966	-0.041254
0.22974	0.061419	-0.027998
0.22998	0.060673	-0.030735
0.23022	0.063362	-0.035366
0.23047	0.059175	-0.02243
0.23071	0.059084	-0.030722
0.23096	0.060939	-0.029913
0.2312	0.058689	-0.022622
0.23145	0.056314	-0.03512
0.23169	0.059349	-0.027844
0.23193	0.063029	-0.027789
0.23218	0.062173	-0.0389
0.23242	0.071849	-0.025782
0.23267	0.072191	-0.032581
0.23291	0.074106	-0.037939
0.23315	0.07593	-0.023268
0.2334	0.084912	-0.034296
0.23364	0.078877	-0.032982
0.23389	0.083673	-0.02186
0.23413	0.081371	-0.034498
0.23438	0.081802	-0.026625
0.23462	0.079144	-0.023815
0.23486	0.088819	-0.034464
0.23511	0.084718	-0.019908
0.23535	0.087584	-0.027406
0.2356	0.089281	-0.032037
0.23584	0.088753	-0.016173
0.23608	0.084344	-0.029865
0.23633	0.088211	-0.028876
0.23657	0.084789	-0.017304
0.23682	0.076753	-0.032352
0.23706	0.077395	-0.024529
0.2373	0.073856	-0.020466
0.23755	0.070784	-0.033909
0.23779	0.066948	-0.018578
0.23804	0.075389	-0.023437
0.23828	0.062701	-0.029972
0.23853	0.070766	-0.013365
0.23877	0.07094	-0.025116
0.23901	0.076601	-0.022929
0.23926	0.073828	-0.012328
