-0.2395	0.0015215	0.0079971
-0.23926	0.10127	-0.029945
-0.23901	0.020197	0.012367
-0.23877	0.041844	-0.11704
-0.23853	0.10719	-0.14671
-0.23828	0.15646	-0.066517
-0.23804	0.14741	-0.11877
-0.23779	0.057354	-0.057458
-0.23755	0.034857	0.053336
-0.2373	0.042867	0.037276
-0.23706	0.16626	0.077952
-0.23682	0.17485	0.119
-0.23657	0.15154	0.044029
-0.23633	0.03002	-0.0031041
-0.23608	0.027888	-0.010618
-0.23584	0.091499	-0.11624
-0.2356	0.18535	-0.13677
-0.23535	0.18897	-0.098379
-0.23511	0.096391	-0.12218
-0.23486	0.036593	-0.052793
-0.23462	0.017944	0.034039
-0.23438	0.15393	0.043088
-0.23413	0.18766	0.086277
-0.23389	0.20421	0.10998
-0.23364	0.049449	0.02798
-0.2334	0.026561	-0.0025165
-0.23315	0.042617	-0.058512
-0.23291	0.19633	-0.14593
-0.23267	0.2057	-0.13896
-0.23242	0.15795	-0.1403
-0.23218	0.045121	-0.11066
-0.23193	0.016123	-0.048288
-0.23169	0.11328	0.012579
-0.23145	0.1858	0.041504
-0.2312	0.23674	0.070887
-0.23096	0.096711	0.062322
-0.23071	0.040833	0.0097214
-0.23047	-0.006639	-0.019771
-0.23022	0.16901	-0.080667
-0.22998	0.19706	-0.11833
-0.22974	0.21795	-0.13123
-0.22949	0.053915	-0.12681
-0.22925	0.030684	-0.10714
-0.229	0.053191	-0.05027
-0.22876	0.17307	-0.015195
-0.22852	0.2188	0.014882
-0.22827	0.1518	0.058888
-0.22803	0.065244	0.018438
-0.22778	-0.018981	0.012664
-0.22754	0.11328	-0.031135
-0.22729	0.16529	-0.096767
-0.22705	0.24871	-0.11306
-0.22681	0.081896	-0.13566
-0.22656	0.056746	-0.13562
-0.22632	-0.0013563	-0.09109
-0.22607	0.15543	-0.04338
-0.22583	0.16343	-0.023184
-0.22559	0.19632	0.033174
-0.22534	0.069575	0.029509
-0.2251	0.01448	0.010751
-0.22485	0.039933	-0.0038933
-0.22461	0.11407	-0.052863
-0.22437	0.22174	-0.088202
-0.22412	0.1014	-0.10745
-0.22388	0.080007	-0.099794
-0.22363	-0.05785	-0.11113
-0.22339	0.12074	-0.058278
-0.22314	0.082845	-0.033132
-0.2229	0.21241	-0.017238
-0.22266	0.044039	0.032489
-0.22241	0.060722	0.022148
-0.22217	-0.020925	0.011586
-0.22192	0.087022	0.00029007
-0.22168	0.14919	-0.04032
-0.22144	0.12217	-0.080663
-0.22119	0.094118	-0.080438
-0.22095	-0.06863	-0.10914
-0.2207	0.083039	-0.093585
-0.22046	0.014704	-0.052605
-0.22021	0.20711	-0.03043
-0.21997	0.011441	0.022763
-0.21973	0.092835	0.037495
-0.21948	-0.060101	0.050704
-0.21924	0.062442	0.0381
-0.21899	0.068503	0.011811
-0.21875	0.097662	-0.019662
-0.21851	0.0887	-0.063722
-0.21826	-0.065319	-0.074936
-0.21802	0.043635	-0.080833
-0.21777	-0.043829	-0.066272
-0.21753	0.17907	-0.040682
-0.21729	-0.010612	-0.0061522
-0.21704	0.11306	0.015209
-0.2168	-0.077318	0.04468
-0.21655	0.06616	0.048951
-0.21631	0.008016	0.036711
-0.21606	0.081873	0.024307
-0.21582	0.063775	-0.013157
-0.21558	-0.04007	-0.027349
-0.21533	0.018921	-0.054415
-0.21509	-0.084176	-0.056683
-0.21484	0.12913	-0.050565
-0.2146	-0.026618	-0.040132
-0.21436	0.095765	-0.0082383
-0.21411	-0.089785	0.013985
-0.21387	0.039353	0.036732
-0.21362	-0.029881	0.047502
-0.21338	0.029507	0.040379
-0.21313	0.012981	0.020886
-0.21289	-0.049113	0.0059625
-0.21265	-0.0040825	-0.020056
-0.2124	-0.11426	-0.034588
-0.21216	0.05516	-0.038898
-0.21191	-0.065786	-0.040704
-0.21167	0.079184	-0.020493
-0.21143	-0.10911	-0.0053866
-0.21118	0.015289	0.016779
-0.21094	-0.070689	0.027203
-0.21069	-0.004641	0.030787
-0.21045	-0.037152	0.027434
-0.21021	-0.09076	0.014397
-0.20996	-0.037332	0.0045493
-0.20972	-0.15466	-0.012383
-0.20947	-0.027416	-0.023748
-0.20923	-0.15592	-0.029724
-0.20898	0.00050963	-0.024479
-0.20874	-0.1556	-0.01895
-0.2085	-0.063685	-0.0063432
-0.20825	-0.16409	0.0012081
-0.20801	-0.086976	0.0098803
-0.20776	-0.11246	0.015895
-0.20752	-0.1597	0.012505
-0.20728	-0.11712	0.0081638
-0.20703	-0.20996	-0.0035458
-0.20679	-0.069088	-0.010917
-0.20654	-0.23722	-0.016751
-0.2063	-0.068165	-0.022473
-0.20605	-0.21583	-0.01929
-0.20581	-0.073725	-0.015697
-0.20557	-0.21556	-0.0087604
-0.20532	-0.15856	-0.00061378
-0.20508	-0.15273	0.0037637
-0.20483	-0.17738	0.0024672
-0.20459	-0.14386	0.0018243
-0.20435	-0.27427	-0.0040898
-0.2041	-0.10566	-0.0055443
-0.20386	-0.25355	-0.0093009
-0.20361	-0.10714	-0.013116
-0.20337	-0.28781	-0.018265
-0.20312	-0.091214	-0.019395
-0.20288	-0.22149	-0.015302
-0.20264	-0.16771	-0.012538
-0.20239	-0.22704	-0.0070429
-0.20215	-0.1762	-0.0054952
-0.2019	-0.11532	-0.0046697
-0.20166	-0.29172	-0.0039547
-0.20142	-0.15228	-0.0032873
-0.20117	-0.26502	-0.0060424
-0.20093	-0.048777	-0.0060769
-0.20068	-0.30094	-0.0086343
-0.20044	-0.14516	-0.01026
-0.2002	-0.20389	-0.0099146
-0.19995	-0.084249	-0.0082297
-0.19971	-0.19917	-0.0097727
-0.19946	-0.2223	-0.0094014
-0.19922	-0.078006	-0.0097261
-0.19897	-0.16066	-0.0070321
-0.19873	-0.11012	-0.0010909
-0.19849	-0.30406	0.0024243
-0.19824	-0.0073926	-0.00042933
-0.198	-0.171	-0.00052901
-0.19775	-0.079883	-0.003876
-0.19751	-0.26891	-0.0030237
-0.19727	-0.031313	-0.0038498
-0.19702	-0.078908	-0.0058683
-0.19678	-0.14477	-0.0097121
-0.19653	-0.14898	-0.011139
-0.19629	-0.10782	-0.0096464
-0.19604	0.034565	-0.0079991
-0.1958	-0.22835	-0.0025257
-0.19556	-0.086117	0.00058162
-0.19531	-0.12028	0.0059512
-0.19507	0.06615	0.0084095
-0.19482	-0.19713	0.010048
-0.19458	-0.11871	0.0053959
-0.19434	-0.041934	0.0016101
-0.19409	0.029961	-0.0034513
-0.19385	-0.094733	-0.00059227
-0.1936	-0.18375	0.0015733
-0.19336	0.052011	0.00701
-0.19312	-0.020283	0.0083471
-0.19287	-0.034078	0.010146
-0.19263	-0.22139	0.012351
-0.19238	0.079229	0.014668
-0.19214	-0.00080201	0.015113
-0.19189	-0.051738	0.016548
-0.19165	-0.17595	0.016995
-0.19141	0.038937	0.017116
-0.19116	0.07284	0.01486
-0.19092	-0.1015	0.010757
-0.19067	-0.12956	0.008136
-0.19043	-0.012754	0.0083431
-0.19019	0.10516	0.013681
-0.18994	-0.13309	0.015205
-0.1897	-0.12354	0.01796
-0.18945	-0.035077	0.014583
-0.18921	0.10691	0.012412
-0.18896	-0.12118	0.011286
-0.18872	-0.15199	0.013863
-0.18848	-0.0072496	0.015787
-0.18823	0.06079	0.020603
-0.18799	-0.095047	0.021328
-0.18774	-0.21052	0.0242
-0.1875	-0.001199	0.024194
-0.18726	0.022788	0.025027
-0.18701	-0.1146	0.023345
-0.18677	-0.23295	0.023508
-0.18652	-0.03727	0.024311
-0.18628	0.015153	0.023183
-0.18604	-0.13485	0.020157
-0.18579	-0.24899	0.015694
-0.18555	-0.056988	0.013439
-0.1853	-0.0016845	0.015605
-0.18506	-0.14653	0.020901
-0.18481	-0.25867	0.028216
-0.18457	-0.087339	0.036422
-0.18433	-0.0079643	0.041511
-0.18408	-0.18398	0.045259
-0.18384	-0.26008	0.042501
-0.18359	-0.12405	0.039273
-0.18335	-0.019993	0.031508
-0.18311	-0.22073	0.026057
-0.18286	-0.287	0.020688
-0.18262	-0.1645	0.021036
-0.18237	-0.051338	0.02199
-0.18213	-0.26281	0.032396
-0.18188	-0.31486	0.042746
-0.18164	-0.19589	0.058568
-0.1814	-0.07227	0.068151
-0.18115	-0.28093	0.067019
-0.18091	-0.34738	0.050192
-0.18066	-0.19324	0.020703
-0.18042	-0.11407	-0.014091
-0.18018	-0.26819	-0.040765
-0.17993	-0.39364	-0.050257
-0.17969	-0.2052	-0.036823
-0.17944	-0.14368	0.00022256
-0.1792	-0.25755	0.052102
-0.17896	-0.41284	0.1037
-0.17871	-0.21415	0.14047
-0.17847	-0.17366	0.14639
-0.17822	-0.24212	0.11746
-0.17798	-0.40536	0.0588
-0.17773	-0.23092	-0.016392
-0.17749	-0.16858	-0.084115
-0.17725	-0.26318	-0.12249
-0.177	-0.37041	-0.11694
-0.17676	-0.25587	-0.064067
-0.17651	-0.19434	0.02234
-0.17627	-0.25565	0.11486
-0.17603	-0.37975	0.19032
-0.17578	-0.23158	0.21635
-0.17554	-0.24242	0.18345
-0.17529	-0.25562	0.091029
-0.17505	-0.36338	-0.036431
-0.1748	-0.23599	-0.15664
-0.17456	-0.25186	-0.22637
-0.17432	-0.29075	-0.2202
-0.17407	-0.34354	-0.13368
-0.17383	-0.22666	0.0055545
-0.17358	-0.2423	0.15887
-0.17334	-0.30495	0.2802
-0.1731	-0.318	0.33233
-0.17285	-0.22679	0.29107
-0.17261	-0.19132	0.16328
-0.17236	-0.34736	-0.023756
-0.17212	-0.25263	-0.21032
-0.17188	-0.26822	-0.33824
-0.17163	-0.11592	-0.36271
-0.17139	-0.37738	-0.27414
-0.17114	-0.21179	-0.095678
-0.1709	-0.27072	0.12081
-0.17065	-0.099297	0.31703
-0.17041	-0.35021	0.43089
-0.17017	-0.22097	0.42226
-0.16992	-0.24925	0.28184
-0.16968	-0.10841	0.047675
-0.16943	-0.31116	-0.20873
-0.16919	-0.219	-0.40319
-0.16895	-0.23306	-0.47544
-0.1687	-0.12141	-0.40542
-0.16846	-0.25146	-0.21232
-0.16821	-0.23639	0.047881
-0.16797	-0.17056	0.30238
-0.16772	-0.18871	0.47698
-0.16748	-0.17875	0.51342
-0.16724	-0.27188	0.39235
-0.16699	-0.13072	0.14504
-0.16675	-0.22269	-0.15884
-0.1665	-0.1535	-0.42084
-0.16626	-0.26725	-0.5636
-0.16602	-0.09563	-0.54368
-0.16577	-0.25084	-0.36456
-0.16553	-0.12666	-0.076112
-0.16528	-0.28879	0.24149
-0.16504	-0.066603	0.49383
-0.16479	-0.25667	0.59511
-0.16455	-0.11467	0.51489
-0.16431	-0.26681	0.26693
-0.16406	-0.062286	-0.066783
-0.16382	-0.22039	-0.39042
-0.16357	-0.13148	-0.60573
-0.16333	-0.23809	-0.64897
-0.16309	-0.10624	-0.5119
-0.16284	-0.16965	-0.22831
-0.1626	-0.17514	0.11724
-0.16235	-0.18269	0.42158
-0.16211	-0.16996	0.58648
-0.16187	-0.10682	0.56291
-0.16162	-0.22304	0.35332
-0.16138	-0.14159	0.021943
-0.16113	-0.23977	-0.32882
-0.16089	-0.071176	-0.59883
-0.16064	-0.25033	-0.69821
-0.1604	-0.085815	-0.60331
-0.16016	-0.26874	-0.34085
-0.15991	-0.034652	0.0032802
-0.15967	-0.25802	0.32546
-0.15942	-0.076083	0.52797
-0.15918	-0.27843	0.54124
-0.15894	-0.068335	0.36534
-0.15869	-0.22396	0.051042
-0.15845	-0.09904	-0.29135
-0.1582	-0.22697	-0.55587
-0.15796	-0.10897	-0.66413
-0.15771	-0.17387	-0.59644
-0.15747	-0.13667	-0.37529
-0.15723	-0.17221	-0.063384
-0.15698	-0.16364	0.2424
-0.15674	-0.11778	0.4459
-0.15649	-0.17449	0.4635
-0.15625	-0.10103	0.30048
-0.15601	-0.18815	0.021076
-0.15576	-0.070387	-0.27068
-0.15552	-0.20029	-0.48598
-0.15527	-0.077181	-0.58099
-0.15503	-0.2068	-0.52571
-0.15479	-0.059199	-0.33562
-0.15454	-0.20143	-0.049875
-0.1543	-0.064271	0.22052
-0.15405	-0.17685	0.37026
-0.15381	-0.059951	0.3456
-0.15356	-0.17257	0.17756
-0.15332	-0.098718	-0.043766
-0.15308	-0.13414	-0.25245
-0.15283	-0.086892	-0.40509
-0.15259	-0.12285	-0.47399
-0.15234	-0.13584	-0.41356
-0.1521	-0.088533	-0.22129
-0.15186	-0.10742	0.039995
-0.15161	-0.082845	0.24339
-0.15137	-0.17508	0.29767
-0.15112	-0.055884	0.21429
-0.15088	-0.13436	0.061379
-0.15063	-0.021039	-0.092113
-0.15039	-0.19954	-0.23813
-0.15015	-0.02117	-0.35964
-0.1499	-0.14137	-0.39516
-0.14966	-0.0068042	-0.29075
-0.14941	-0.18686	-0.059805
-0.14917	-0.04745	0.164
-0.14893	-0.11815	0.26968
-0.14868	-0.016824	0.22985
-0.14844	-0.13598	0.1244
-0.14819	-0.058003	0.016161
-0.14795	-0.07704	-0.099119
-0.14771	-0.039131	-0.23899
-0.14746	-0.074843	-0.34905
-0.14722	-0.096569	-0.32565
-0.14697	-0.021156	-0.14096
-0.14673	-0.083412	0.10702
-0.14648	-0.0015159	0.25257
-0.14624	-0.11525	0.25515
-0.146	0.033355	0.18623
-0.14575	-0.12434	0.11816
-0.14551	0.031498	0.044587
-0.14526	-0.14696	-0.097861
-0.14502	0.06237	-0.2763
-0.14478	-0.14889	-0.35101
-0.14453	0.033382	-0.23383
-0.14429	-0.14871	0.0026252
-0.14404	0.062879	0.18705
-0.1438	-0.14423	0.23406
-0.14355	0.0052715	0.19923
-0.14331	-0.15026	0.18111
-0.14307	0.045601	0.16629
-0.14282	-0.11953	0.057088
-0.14258	-0.030324	-0.15138
-0.14233	-0.11111	-0.31849
-0.14209	0.0056807	-0.3024
-0.14185	-0.046188	-0.11271
-0.1416	-0.084958	0.088899
-0.14136	-0.059299	0.16065
-0.14111	-0.043455	0.15444
-0.14087	0.0084963	0.17669
-0.14062	-0.1173	0.22307
-0.14038	-0.020942	0.19186
-0.14014	-0.084001	0.0053889
-0.13989	0.043868	-0.22705
-0.13965	-0.1534	-0.3075
-0.1394	0.0033915	-0.1922
-0.13916	-0.11499	-0.016688
-0.13892	0.053764	0.061461
-0.13867	-0.16176	0.054401
-0.13843	0.014123	0.07929
-0.13818	-0.11101	0.18789
-0.13794	0.041201	0.25088
-0.1377	-0.16166	0.13124
-0.13745	-0.0018818	-0.10514
-0.13721	-0.10389	-0.25551
-0.13696	0.0067473	-0.21683
-0.13672	-0.15468	-0.078544
-0.13647	-0.032569	-0.0089285
-0.13623	-0.080005	-0.04578
-0.13599	-0.027557	-0.040925
-0.13574	-0.13986	0.082205
-0.1355	-0.064203	0.2144
-0.13525	-0.052403	0.19871
-0.13501	-0.062388	0.0089723
-0.13477	-0.11953	-0.17417
-0.13452	-0.098757	-0.19507
-0.13428	-0.023685	-0.089111
-0.13403	-0.095648	-0.03196
-0.13379	-0.10399	-0.085695
-0.13354	-0.12591	-0.13088
-0.1333	-0.0096712	-0.051819
-0.13306	-0.11295	0.11341
-0.13281	-0.10084	0.18051
-0.13257	-0.1397	0.064483
-0.13232	-0.0048369	-0.11078
-0.13208	-0.11655	-0.16847
-0.13184	-0.097617	-0.096907
-0.13159	-0.14224	-0.030664
-0.13135	-0.0014395	-0.077744
-0.1311	-0.1123	-0.17304
-0.13086	-0.093384	-0.15039
-0.13062	-0.13585	-0.0066869
-0.13037	-0.0096523	0.11288
-0.13013	-0.11353	0.076322
-0.12988	-0.10148	-0.069393
-0.12964	-0.13366	-0.15234
-0.12939	-0.016681	-0.10363
-0.12915	-0.11137	-0.023144
-0.12891	-0.10425	-0.051918
-0.12866	-0.11976	-0.15709
-0.12842	-0.023089	-0.19826
-0.12817	-0.10152	-0.1027
-0.12793	-0.11356	0.031827
-0.12769	-0.10177	0.05275
-0.12744	-0.036259	-0.050619
-0.1272	-0.087425	-0.14806
-0.12695	-0.12328	-0.12062
-0.12671	-0.080067	-0.039017
-0.12646	-0.044667	-0.025774
-0.12622	-0.073835	-0.1152
-0.12598	-0.13057	-0.20082
-0.12573	-0.061684	-0.1595
-0.12549	-0.045284	-0.038041
-0.12524	-0.060507	0.022246
-0.125	-0.12563	-0.041501
-0.12476	-0.045756	-0.13662
-0.12451	-0.031795	-0.14643
-0.12427	-0.040202	-0.061276
-0.12402	-0.10755	-0.0079424
-0.12378	-0.023164	-0.068324
-0.12354	-0.01385	-0.16503
-0.12329	-0.020465	-0.1847
-0.12305	-0.084105	-0.09879
-0.1228	-0.010307	-0.01833
-0.12256	-0.0012547	-0.039581
-0.12231	-0.011904	-0.1312
-0.12207	-0.067921	-0.17421
-0.12183	-0.0057327	-0.10864
-0.12158	0.010133	-0.028023
-0.12134	-0.0088989	-0.03091
-0.12109	-0.048058	-0.11408
-0.12085	-0.0035329	-0.17751
-0.12061	0.021021	-0.13538
-0.12036	-0.0091075	-0.041307
-0.12012	-0.029377	-0.021402
-0.11987	-0.003751	-0.091387
-0.11963	0.030995	-0.15936
-0.11938	-0.0084255	-0.14383
-0.11914	-0.014585	-0.051067
-0.1189	-0.00096229	-0.0020784
-0.11865	0.033813	-0.057297
-0.11841	-0.0040185	-0.13772
-0.11816	-0.007325	-0.14398
-0.11792	0.0066313	-0.069709
-0.11768	0.03421	-0.0074727
-0.11743	0.0056336	-0.034353
-0.11719	6.1299e-05	-0.11976
-0.11694	0.014817	-0.14876
-0.1167	0.033327	-0.078883
-0.11646	0.013232	0.00043626
-0.11621	0.0032299	0.00022084
-0.11597	0.017973	-0.075151
-0.11572	0.030508	-0.13296
-0.11548	0.016338	-0.090722
-0.11523	0.0070719	-0.0023272
-0.11499	0.019049	0.013083
-0.11475	0.02794	-0.053448
-0.1145	0.019886	-0.12232
-0.11426	0.0098297	-0.10491
-0.11401	0.019784	-0.012619
-0.11377	0.024566	0.036791
-0.11353	0.020755	-0.013773
-0.11328	0.0097207	-0.093926
-0.11304	0.017415	-0.099963
-0.11279	0.019445	-0.024298
-0.11255	0.018567	0.040802
-0.1123	0.0072358	0.013028
-0.11206	0.012426	-0.076556
-0.11182	0.01492	-0.1054
-0.11157	0.015578	-0.035779
-0.11133	0.0080454	0.040347
-0.11108	0.0076969	0.03608
-0.11084	0.01357	-0.043037
-0.1106	0.011567	-0.09827
-0.11035	0.0083985	-0.048357
-0.11011	0.0033604	0.036474
-0.10986	0.012254	0.047705
-0.10962	0.0081538	-0.0217
-0.10938	0.0071321	-0.087634
-0.10913	-0.0016844	-0.062033
-0.10889	0.0090653	0.023843
-0.10864	0.0032392	0.058123
-0.1084	0.0026088	-0.0023173
-0.10815	-0.0074637	-0.078087
-0.10791	0.0027351	-0.06974
-0.10767	-0.0017188	0.0063259
-0.10742	-0.0025069	0.053724
-0.10718	-0.012394	0.013557
-0.10693	-0.0034093	-0.067403
-0.10669	-0.0052331	-0.075309
-0.10645	-0.0073218	0.0011669
-0.1062	-0.012968	0.056121
-0.10596	-0.0077803	0.028328
-0.10571	-0.006937	-0.054366
-0.10547	-0.012068	-0.08732
-0.10522	-0.012541	-0.023446
-0.10498	-0.012163	0.044787
-0.10474	-0.0060138	0.028198
-0.10449	-0.016451	-0.049982
-0.10425	-0.010936	-0.089052
-0.104	-0.013412	-0.035011
-0.10376	-0.0032733	0.04491
-0.10352	-0.015223	0.04608
-0.10327	-0.0068552	-0.036569
-0.10303	-0.010922	-0.098463
-0.10278	0.00085284	-0.060372
-0.10254	-0.0091215	0.022221
-0.10229	-0.0028738	0.047095
-0.10205	-0.0048941	-0.020136
-0.10181	0.0026049	-0.098692
-0.10156	-0.0030954	-0.078559
-0.10132	0.00062569	0.012051
-0.10107	0.0019349	0.054631
-0.10083	0.0022551	-0.0023357
-0.10059	0.005747	-0.096239
-0.10034	0.0046358	-0.10996
-0.1001	0.012247	-0.026256
-0.099854	0.012461	0.045041
-0.099609	0.015912	0.017972
-0.099365	0.013424	-0.072915
-0.099121	0.023743	-0.11024
-0.098877	0.019423	-0.047839
-0.098633	0.022432	0.039185
-0.098389	0.01771	0.043357
-0.098145	0.021049	-0.044707
-0.0979	0.020707	-0.11754
-0.097656	0.021158	-0.084573
-0.097412	0.018521	0.0071251
-0.097168	0.016913	0.049541
-0.096924	0.018321	-0.0093868
-0.09668	0.016629	-0.095597
-0.096436	0.018145	-0.10054
-0.096191	0.013105	-0.022989
-0.095947	0.013906	0.041271
-0.095703	0.0096563	0.015653
-0.095459	0.011634	-0.067514
-0.095215	0.0070902	-0.10661
-0.094971	0.0060924	-0.059614
-0.094727	0.00081514	0.018963
-0.094482	0.0014564	0.035808
-0.094238	-0.00089146	-0.026341
-0.093994	-0.0027014	-0.087665
-0.09375	-0.0060997	-0.082007
-0.093506	-0.006677	-0.020271
-0.093262	-0.0068075	0.026348
-0.093018	-0.008448	0.0025448
-0.092773	-0.010414	-0.056904
-0.092529	-0.011527	-0.080335
-0.092285	-0.01102	-0.046968
-0.092041	-0.01227	0.0073496
-0.091797	-0.013298	0.023236
-0.091553	-0.014014	-0.014047
-0.091309	-0.015457	-0.06018
-0.091064	-0.016482	-0.065708
-0.09082	-0.016415	-0.027731
-0.090576	-0.014066	0.011749
-0.090332	-0.013999	0.016555
-0.090088	-0.014548	-0.019201
-0.089844	-0.013347	-0.055103
-0.0896	-0.0061713	-0.053932
-0.089355	-0.002335	-0.015306
-0.089111	-0.0021562	0.019103
-0.088867	-0.0026223	0.019531
-0.088623	0.0017918	-0.022222
-0.088379	0.0078302	-0.053365
-0.088135	0.0094593	-0.040986
-0.087891	0.0082914	0.0079774
-0.087646	0.007828	0.040212
-0.087402	0.012662	0.024499
-0.087158	0.016303	-0.030562
-0.086914	0.021284	-0.061057
-0.08667	0.021193	-0.033682
-0.086426	0.02313	0.025234
-0.086182	0.02399	0.05335
-0.085938	0.029914	0.014668
-0.085693	0.032759	-0.041792
-0.085449	0.034319	-0.055537
-0.085205	0.029417	-0.001296
-0.084961	0.027784	0.052138
-0.084717	0.029335	0.05428
-0.084473	0.030337	-0.0088407
-0.084229	0.026576	-0.057987
-0.083984	0.019614	-0.047936
-0.08374	0.015749	0.023188
-0.083496	0.015617	0.07189
-0.083252	0.016654	0.046453
-0.083008	0.011656	-0.025976
-0.082764	0.0070028	-0.064004
-0.08252	0.0029873	-0.020516
-0.082275	0.0022014	0.047524
-0.082031	0.00025511	0.070121
-0.081787	-0.0038299	0.011484
-0.081543	-0.0096821	-0.046283
-0.081299	-0.015219	-0.056219
-0.081055	-0.019295	0.009515
-0.080811	-0.023228	0.066198
-0.080566	-0.025504	0.064089
-0.080322	-0.032165	-0.0079327
-0.080078	-0.037405	-0.060582
-0.079834	-0.041127	-0.042568
-0.07959	-0.039113	0.028559
-0.079346	-0.040187	0.069564
-0.079102	-0.041872	0.028732
-0.078857	-0.045705	-0.037284
-0.078613	-0.04273	-0.064195
-0.078369	-0.039212	-0.015428
-0.078125	-0.036539	0.041168
-0.077881	-0.038469	0.056535
-0.077637	-0.037147	-0.0022387
-0.077393	-0.033997	-0.058499
-0.077148	-0.028899	-0.060656
-0.076904	-0.028416	-0.001004
-0.07666	-0.029071	0.044118
-0.076416	-0.030456	0.025415
-0.076172	-0.028659	-0.029272
-0.075928	-0.0288	-0.065121
-0.075684	-0.029148	-0.037291
-0.075439	-0.031654	0.0031493
-0.075195	-0.031695	0.025847
-0.074951	-0.031709	-0.008657
-0.074707	-0.026943	-0.052537
-0.074463	-0.022479	-0.074342
-0.074219	-0.016088	-0.039624
-0.073975	-0.013159	0.0023311
-0.07373	-0.0071012	0.0022616
-0.073486	0.00091551	-0.031807
-0.073242	0.010861	-0.074768
-0.072998	0.010951	-0.061235
-0.072754	0.0065473	-0.039326
-0.07251	0.0016618	-0.003957
-0.072266	0.0013159	-0.034802
-0.072021	-0.0041698	-0.049724
-0.071777	-0.015045	-0.087496
-0.071533	-0.02751	-0.054265
-0.071289	-0.031595	-0.041992
-0.071045	-0.031438	-0.021882
-0.070801	-0.030463	-0.058454
-0.070557	-0.029153	-0.072229
-0.070312	-0.023416	-0.082007
-0.070068	-0.015292	-0.0603
-0.069824	-0.0048597	-0.042544
-0.06958	0.0036674	-0.055869
-0.069336	0.011011	-0.064019
-0.069092	0.01337	-0.09131
-0.068848	0.0099631	-0.067274
-0.068604	0.0040625	-0.075063
-0.068359	0.00031571	-0.046045
-0.068115	-0.0074799	-0.086777
-0.067871	-0.020105	-0.070544
-0.067627	-0.033737	-0.0977
-0.067383	-0.043663	-0.055641
-0.067139	-0.044455	-0.074354
-0.066895	-0.045182	-0.05596
-0.06665	-0.048567	-0.086732
-0.066406	-0.043957	-0.076699
-0.066162	-0.02723	-0.0865
-0.065918	-0.0083587	-0.076295
-0.065674	0.0095459	-0.085143
-0.06543	0.022742	-0.099401
-0.065186	0.035861	-0.097999
-0.064941	0.046627	-0.11219
-0.064697	0.046793	-0.092294
-0.064453	0.033459	-0.11333
-0.064209	0.015271	-0.10593
-0.063965	-0.0062032	-0.1387
-0.063721	-0.030383	-0.11578
-0.063477	-0.051573	-0.13562
-0.063232	-0.065458	-0.11224
-0.062988	-0.070722	-0.1331
-0.062744	-0.06815	-0.12416
-0.0625	-0.054576	-0.13119
-0.062256	-0.028224	-0.11555
-0.062012	0.0033916	-0.11772
-0.061768	0.030461	-0.11691
-0.061523	0.052054	-0.11939
-0.061279	0.069576	-0.13138
-0.061035	0.077836	-0.11819
-0.060791	0.066149	-0.11613
-0.060547	0.039768	-0.097977
-0.060303	0.0088559	-0.106
-0.060059	-0.020753	-0.092874
-0.059814	-0.050812	-0.096297
-0.05957	-0.080399	-0.080807
-0.059326	-0.094974	-0.081452
-0.059082	-0.087933	-0.082331
-0.058838	-0.070761	-0.085195
-0.058594	-0.047691	-0.085329
-0.05835	-0.01811	-0.075574
-0.058105	0.016879	-0.069287
-0.057861	0.04821	-0.042295
-0.057617	0.064708	-0.045516
-0.057373	0.067129	-0.034249
-0.057129	0.056991	-0.036876
-0.056885	0.03373	-0.024828
-0.056641	0.00157	-0.034852
-0.056396	-0.030575	-0.029677
-0.056152	-0.05462	-0.030993
-0.055908	-0.075181	-0.023535
-0.055664	-0.091757	-0.011188
-0.05542	-0.088789	-0.0017645
-0.055176	-0.062751	0.023466
-0.054932	-0.03042	0.02634
-0.054688	-0.010593	0.037895
-0.054443	0.0018489	0.026289
-0.054199	0.02436	0.044664
-0.053955	0.047339	0.032787
-0.053711	0.042307	0.039638
-0.053467	0.0067834	0.036289
-0.053223	-0.028808	0.057828
-0.052979	-0.047813	0.05399
-0.052734	-0.0607	0.06652
-0.05249	-0.08271	0.083075
-0.052246	-0.098636	0.091443
-0.052002	-0.092492	0.097291
-0.051758	-0.066907	0.094628
-0.051514	-0.031407	0.10689
-0.05127	0.0086969	0.10041
-0.051025	0.039333	0.10177
-0.050781	0.055134	0.085469
-0.050537	0.054134	0.10247
-0.050293	0.056373	0.090708
-0.050049	0.052726	0.094324
-0.049805	0.016646	0.10231
-0.049561	-0.047894	0.12479
-0.049316	-0.10594	0.1257
-0.049072	-0.12296	0.12664
-0.048828	-0.11687	0.13029
-0.048584	-0.1278	0.12102
-0.04834	-0.13329	0.10009
-0.048096	-0.10941	0.070493
-0.047852	-0.047578	0.070606
-0.047607	0.01641	0.052459
-0.047363	0.043165	0.050789
-0.047119	0.049979	0.050445
-0.046875	0.051128	0.070558
-0.046631	0.050259	0.061214
-0.046387	0.035678	0.045305
-0.046143	-0.013089	0.017104
-0.045898	-0.074013	-0.0052225
-0.045654	-0.12237	-0.052142
-0.04541	-0.13797	-0.098867
-0.045166	-0.11837	-0.11593
-0.044922	-0.10467	-0.1343
-0.044678	-0.086301	-0.15471
-0.044434	-0.0443	-0.17397
-0.044189	0.026396	-0.17756
-0.043945	0.096566	-0.20799
-0.043701	0.12094	-0.24503
-0.043457	0.11261	-0.26691
-0.043213	0.099447	-0.28036
-0.042969	0.064266	-0.3268
-0.042725	0.018368	-0.38228
-0.04248	-0.052627	-0.43411
-0.042236	-0.12449	-0.48527
-0.041992	-0.18604	-0.55738
-0.041748	-0.22657	-0.66023
-0.041504	-0.21491	-0.74524
-0.04126	-0.16668	-0.83079
-0.041016	-0.13275	-0.92466
-0.040771	-0.097188	-1.0256
-0.040527	-0.037111	-1.1084
-0.040283	0.06572	-1.2119
-0.040039	0.13662	-1.3189
-0.039795	0.11769	-1.4103
-0.039551	0.080232	-1.4703
-0.039307	0.068228	-1.5311
-0.039062	0.058761	-1.5699
-0.038818	-0.0057797	-1.5874
-0.038574	-0.11192	-1.5907
-0.03833	-0.15483	-1.6055
-0.038086	-0.15533	-1.6271
-0.037842	-0.16261	-1.6319
-0.037598	-0.16618	-1.6267
-0.037354	-0.13048	-1.6136
-0.037109	-0.040079	-1.5703
-0.036865	-0.00015604	-1.4838
-0.036621	-0.0024501	-1.3886
-0.036377	0.042305	-1.2761
-0.036133	0.099365	-1.1523
-0.035889	0.10089	-1.0148
-0.035645	-0.0066163	-0.88895
-0.0354	-0.092086	-0.7604
-0.035156	-0.086513	-0.60841
-0.034912	-0.10836	-0.43185
-0.034668	-0.18902	-0.25405
-0.034424	-0.27281	-0.05804
-0.03418	-0.24374	0.15835
-0.033936	-0.16291	0.37083
-0.033691	-0.13523	0.57375
-0.033447	-0.1042	0.76831
-0.033203	-0.027936	0.96012
-0.032959	0.080941	1.135
-0.032715	0.10914	1.2883
-0.032471	0.088747	1.4355
-0.032227	0.12473	1.579
-0.031982	0.138	1.6892
-0.031738	0.080271	1.7825
-0.031494	-0.05609	1.8748
-0.03125	-0.12649	1.9523
-0.031006	-0.10842	2.0055
-0.030762	-0.15449	2.0408
-0.030518	-0.24342	2.067
-0.030273	-0.29421	2.0697
-0.030029	-0.21355	2.0347
-0.029785	-0.13078	1.9808
-0.029541	-0.13294	1.9286
-0.029297	-0.11506	1.8575
-0.029053	-0.052296	1.7839
-0.028809	0.047315	1.7271
-0.028564	0.040616	1.68
-0.02832	-0.011174	1.6306
-0.028076	0.0068677	1.5774
-0.027832	-0.0018972	1.5224
-0.027588	-0.033103	1.4754
-0.027344	-0.11989	1.424
-0.0271	-0.13605	1.3827
-0.026855	-0.09228	1.3814
-0.026611	-0.11194	1.4065
-0.026367	-0.11133	1.4514
-0.026123	-0.094393	1.5254
-0.025879	0.0093264	1.6211
-0.025635	0.068852	1.7222
-0.025391	0.041263	1.829
-0.025146	0.077457	1.9423
-0.024902	0.095407	2.0865
-0.024658	0.13078	2.2342
-0.024414	0.07192	2.389
-0.02417	-0.026371	2.5643
-0.023926	-0.02841	2.743
-0.023682	-0.078925	2.8965
-0.023438	-0.10544	3.0439
-0.023193	-0.17189	3.1677
-0.022949	-0.18533	3.2722
-0.022705	-0.12385	3.3416
-0.022461	-0.13771	3.3811
-0.022217	-0.086862	3.3923
-0.021973	-0.063197	3.3598
-0.021729	0.018317	3.2646
-0.021484	0.077659	3.1221
-0.02124	0.032301	2.9299
-0.020996	0.081651	2.6847
-0.020752	0.07491	2.3967
-0.020508	0.093149	2.0628
-0.020264	0.045839	1.698
-0.02002	-0.034731	1.2859
-0.019775	0.0010549	0.82927
-0.019531	-0.063544	0.34278
-0.019287	-0.079273	-0.1752
-0.019043	-0.14385	-0.73974
-0.018799	-0.16251	-1.3079
-0.018555	-0.13521	-1.8875
-0.018311	-0.23004	-2.4535
-0.018066	-0.23271	-3.0253
-0.017822	-0.2802	-3.5827
-0.017578	-0.28821	-4.1281
-0.017334	-0.33365	-4.646
-0.01709	-0.47357	-5.1501
-0.016846	-0.47374	-5.6034
-0.016602	-0.5699	-6.0163
-0.016357	-0.59994	-6.3666
-0.016113	-0.67536	-6.6535
-0.015869	-0.74328	-6.8702
-0.015625	-0.68381	-7.0218
-0.015381	-0.74477	-7.1076
-0.015137	-0.66945	-7.129
-0.014893	-0.66142	-7.0911
-0.014648	-0.58276	-6.9779
-0.014404	-0.46738	-6.8095
-0.01416	-0.44954	-6.5552
-0.013916	-0.2769	-6.2416
-0.013672	-0.19231	-5.8435
-0.013428	-0.029685	-5.3954
-0.013184	0.12052	-4.871
-0.012939	0.20001	-4.3099
-0.012695	0.43432	-3.679
-0.012451	0.50844	-3.0259
-0.012207	0.69739	-2.3105
-0.011963	0.75952	-1.5721
-0.011719	0.83312	-0.79038
-0.011475	0.92434	0.0058872
-0.01123	0.85697	0.8233
-0.010986	0.85348	1.628
-0.010742	0.71989	2.4311
-0.010498	0.59197	3.215
-0.010254	0.46735	3.9702
-0.01001	0.16491	4.6866
-0.0097656	0.032991	5.3557
-0.0095215	-0.29254	5.9732
-0.0092773	-0.4564	6.514
-0.0090332	-0.74022	6.9862
-0.0087891	-0.98468	7.3589
-0.0085449	-1.1551	7.6443
-0.0083008	-1.3884	7.8162
-0.0080566	-1.5176	7.9097
-0.0078125	-1.6633	7.8932
-0.0075684	-1.7716	7.8062
-0.0073242	-1.7345	7.6202
-0.0070801	-1.8342	7.3757
-0.0068359	-1.6779	7.0547
-0.0065918	-1.686	6.6928
-0.0063477	-1.4688	6.2673
-0.0061035	-1.334	5.8176
-0.0058594	-1.1538	5.3407
-0.0056152	-0.94121	4.8556
-0.0053711	-0.78425	4.3625
-0.005127	-0.59483	3.8585
-0.0048828	-0.41646	3.3474
-0.0046387	-0.32901	2.821
-0.0043945	-0.14152	2.2863
-0.0041504	-0.16386	1.7321
-0.0039062	0.00062176	1.1645
-0.0036621	-0.040477	0.57212
-0.003418	0.058295	-0.029246
-0.0031738	0.072946	-0.648
-0.0029297	0.12615	-1.2723
-0.0026855	0.20341	-1.9157
-0.0024414	0.25971	-2.562
-0.0021973	0.35533	-3.2178
-0.0019531	0.52503	-3.8652
-0.001709	0.65039	-4.5087
-0.0014648	0.90171	-5.1273
-0.0012207	1.0147	-5.7228
-0.00097656	1.307	-6.2708
-0.00073242	1.4821	-6.7663
-0.00048828	1.7817	-7.2031
-0.00024414	1.9978	-7.5708
0	2.2322	-7.8565
0.00024414	2.4414	-8.0502
0.00048828	2.6047	-8.1369
0.00073242	2.7485	-8.1047
0.00097656	2.8416	-7.9476
0.0012207	2.8412	-7.6486
0.0014648	2.808	-7.2055
0.001709	2.6108	-6.6117
0.0019531	2.3796	-5.8718
0.0021973	1.9798	-4.99
0.0024414	1.4933	-3.9774
0.0026855	0.91566	-2.8433
0.0029297	0.13747	-1.6076
0.0031738	-0.66611	-0.27838
0.003418	-1.6743	1.1168
0.0036621	-2.5779	2.5575
0.0039062	-3.6114	4.0108
0.0041504	-4.5502	5.4488
0.0043945	-5.5869	6.8421
0.0046387	-6.3757	8.1547
0.0048828	-7.085	9.3524
0.005127	-7.4341	10.402
0.0053711	-7.7337	11.281
0.0056152	-7.5071	11.957
0.0058594	-7.189	12.406
0.0061035	-6.2422	12.601
0.0063477	-5.2771	12.531
0.0065918	-3.7312	12.187
0.0068359	-2.1886	11.567
0.0070801	-0.17367	10.68
0.0073242	1.6487	9.545
0.0075684	3.8174	8.1889
0.0078125	5.714	6.6401
0.0080566	7.8117	4.9399
0.0083008	9.3879	3.1345
0.0085449	10.964	1.2676
0.0087891	11.911	-0.60561
0.0090332	12.797	-2.4416
0.0092773	12.889	-4.1755
0.0095215	12.776	-5.7645
0.0097656	11.843	-7.1523
0.01001	10.72	-8.3109
0.010254	8.8556	-9.2023
0.010498	6.8044	-9.8027
0.010742	4.175	-10.098
0.010986	1.5703	-10.077
0.01123	-1.3825	-9.749
0.011475	-4.1282	-9.121
0.011719	-6.9714	-8.218
0.011963	-9.3285	-7.0661
0.012207	-11.432	-5.7134
0.012451	-12.927	-4.2046
0.012695	-14.006	-2.5973
0.012939	-14.403	-0.95056
0.013184	-14.201	0.68542
0.013428	-13.297	2.2466
0.013672	-11.871	3.6862
0.013916	-9.9583	4.9568
0.01416	-7.6169	6.0226
0.014404	-5.0035	6.8613
0.014648	-2.1332	7.4474
0.014893	0.67046	7.7805
0.015137	3.5153	7.8608
0.015381	6.0376	7.7152
0.015625	8.3817	7.3639
0.015869	10.143	6.8434
0.016113	11.599	6.1942
0.016357	12.377	5.4581
0.016602	12.819	4.6818
0.016846	12.452	3.9005
0.01709	11.775	3.1538
0.017334	10.387	2.4694
0.017578	8.8969	1.8753
0.017822	6.8464	1.3804
0.018066	4.8358	0.99744
0.018311	2.463	0.72403
0.018555	0.38447	0.54939
0.018799	-1.826	0.46564
0.019043	-3.5484	0.42028
0.019287	-5.2337	0.43253
0.019531	-6.3328	0.47433
0.019775	-7.2889	0.5256
0.02002	-7.6644	0.56804
0.020264	-7.8512	0.58466
0.020508	-7.5011	0.56713
0.020752	-6.9727	0.52582
0.020996	-6.0808	0.43304
0.02124	-5.1144	0.28659
0.021484	-3.9427	0.099434
0.021729	-2.7249	-0.12018
0.021973	-1.4682	-0.35814
0.022217	-0.25733	-0.59653
0.022461	0.80514	-0.8214
0.022705	1.7869	-1.0138
0.022949	2.5408	-1.1712
0.023193	3.2015	-1.2783
0.023438	3.5484	-1.3358
0.023682	3.8415	-1.3386
0.023926	3.8085	-1.2905
0.02417	3.7703	-1.199
0.024414	3.408	-1.0658
0.024658	3.1337	-0.90559
0.024902	2.6023	-0.72202
0.025146	2.2204	-0.53169
0.025391	1.5947	-0.33645
0.025635	1.1691	-0.15092
0.025879	0.54842	0.021543
0.026123	0.19074	0.17744
0.026367	-0.35536	0.30988
0.026611	-0.64115	0.42506
0.026855	-1.0825	0.51316
0.0271	-1.255	0.58028
0.027344	-1.5841	0.62737
0.027588	-1.6604	0.65369
0.027832	-1.8684	0.66373
0.028076	-1.8342	0.65627
0.02832	-1.9184	0.63422
0.028564	-1.83	0.6047
0.028809	-1.8449	0.56386
0.029053	-1.7108	0.5128
0.029297	-1.642	0.45719
0.029541	-1.4677	0.39075
0.029785	-1.3455	0.32443
0.030029	-1.1652	0.25133
0.030273	-0.9896	0.17258
0.030518	-0.78066	0.099396
0.030762	-0.54094	0.022083
0.031006	-0.30886	-0.043598
0.03125	-0.039118	-0.10501
0.031494	0.17939	-0.16046
0.031738	0.45852	-0.20204
0.031982	0.65529	-0.24183
0.032227	0.90032	-0.27046
0.032471	1.0168	-0.29172
0.032715	1.1642	-0.31245
0.032959	1.1587	-0.32361
0.033203	1.1952	-0.33313
0.033447	1.0662	-0.33953
0.033691	0.97782	-0.33551
0.033936	0.74044	-0.33439
0.03418	0.5666	-0.32512
0.034424	0.28341	-0.31111
0.034668	0.079029	-0.30003
0.034912	-0.2273	-0.27667
0.035156	-0.4451	-0.25915
0.0354	-0.72835	-0.23635
0.035645	-0.8906	-0.20623
0.035889	-1.095	-0.18227
0.036133	-1.2022	-0.1459
0.036377	-1.3372	-0.11415
0.036621	-1.3614	-0.083127
0.036865	-1.3692	-0.045617
0.037109	-1.2594	-0.020688
0.037354	-1.1517	0.0076518
0.037598	-0.96855	0.030022
0.037842	-0.78391	0.040459
0.038086	-0.52778	0.056837
0.03833	-0.26515	0.06096
0.038574	0.018394	0.066688
0.038818	0.26246	0.0748
0.039062	0.48141	0.071951
0.039307	0.65685	0.082509
0.039551	0.80807	0.087453
0.039795	0.90378	0.090768
0.040039	0.94092	0.10223
0.040283	0.90544	0.10388
0.040527	0.82247	0.11415
0.040771	0.68542	0.12441
0.041016	0.5275	0.1268
0.04126	0.3231	0.13978
0.041504	0.10111	0.14555
0.041748	-0.14306	0.15069
0.041992	-0.3701	0.15979
0.042236	-0.60304	0.15434
0.04248	-0.80104	0.15294
0.042725	-0.99288	0.14394
0.042969	-1.1074	0.11353
0.043213	-1.1889	0.092904
0.043457	-1.1986	0.061334
0.043701	-1.1819	0.036831
0.043945	-1.1043	0.017058
0.044189	-0.98649	-0.0079083
0.044434	-0.80585	-0.01788
0.044678	-0.61872	-0.021196
0.044922	-0.40752	-0.024358
0.045166	-0.19561	-0.022992
0.04541	0.013974	-0.031658
0.045654	0.23122	-0.032867
0.045898	0.42668	-0.0391
0.046143	0.60964	-0.0489
0.046387	0.72921	-0.051906
0.046631	0.82809	-0.060082
0.046875	0.84516	-0.064174
0.047119	0.86544	-0.066319
0.047363	0.79745	-0.072697
0.047607	0.73278	-0.072453
0.047852	0.55586	-0.074079
0.048096	0.41397	-0.077521
0.04834	0.17903	-0.074737
0.048584	0.030118	-0.075439
0.048828	-0.21758	-0.07305
0.049072	-0.35567	-0.065995
0.049316	-0.60007	-0.06245
0.049561	-0.68352	-0.052213
0.049805	-0.87306	-0.04461
0.050049	-0.8747	-0.037676
0.050293	-1.0095	-0.027102
0.050537	-0.92479	-0.023133
0.050781	-0.98973	-0.016966
0.051025	-0.82754	-0.01234
0.05127	-0.84501	-0.010909
0.051514	-0.62653	-0.0068699
0.051758	-0.59815	-0.0059651
0.052002	-0.33556	-0.0052689
0.052246	-0.29403	-0.0038692
0.05249	-0.043155	-0.0051219
0.052734	-0.013282	-0.0064418
0.052979	0.21378	-0.0075026
0.053223	0.22497	-0.01121
0.053467	0.39638	-0.014434
0.053711	0.36365	-0.015006
0.053955	0.45881	-0.018881
0.054199	0.37979	-0.019826
0.054443	0.4072	-0.020478
0.054688	0.30767	-0.021215
0.054932	0.2853	-0.020164
0.055176	0.17497	-0.022493
0.05542	0.10544	-0.020524
0.055664	-0.0086062	-0.02074
0.055908	-0.091295	-0.022522
0.056152	-0.17223	-0.020668
0.056396	-0.24909	-0.021005
0.056641	-0.31345	-0.01838
0.056885	-0.39433	-0.018654
0.057129	-0.42442	-0.01948
0.057373	-0.47373	-0.01515
0.057617	-0.46473	-0.015347
0.057861	-0.4939	-0.017476
0.058105	-0.47718	-0.016003
0.05835	-0.48429	-0.014773
0.058594	-0.44992	-0.015126
0.058838	-0.43572	-0.015239
0.059082	-0.39636	-0.014068
0.059326	-0.36093	-0.011313
0.05957	-0.33124	-0.011135
0.059814	-0.27946	-0.012475
0.060059	-0.26771	-0.01078
0.060303	-0.19688	-0.010447
0.060547	-0.19156	-0.012017
0.060791	-0.1088	-0.015459
0.061035	-0.13035	-0.014488
0.061279	-0.043294	-0.01268
0.061523	-0.085262	-0.017585
0.061768	0.023894	-0.015986
0.062012	-0.03022	-0.013009
0.062256	0.085378	-0.015547
0.0625	0.013091	-0.013487
0.062744	0.12701	-0.01346
0.062988	0.044586	-0.014537
0.063232	0.16171	-0.011606
0.063477	0.06458	-0.013522
0.063721	0.17712	-0.016076
0.063965	0.059541	-0.011428
0.064209	0.1599	-0.012914
0.064453	0.034163	-0.018042
0.064697	0.12032	-0.013639
0.064941	-0.011396	-0.014896
0.065186	0.055764	-0.019937
0.06543	-0.10195	-0.016154
0.065674	-0.05815	-0.018636
0.065918	-0.22308	-0.020075
0.066162	-0.18894	-0.013118
0.066406	-0.34122	-0.015056
0.06665	-0.32656	-0.013939
0.066895	-0.40783	-0.0055273
0.067139	-0.33035	-0.0094357
0.067383	-0.37821	-0.010426
0.067627	-0.2824	-0.0015508
0.067871	-0.29682	-0.0056198
0.068115	-0.20071	-0.0043897
0.068359	-0.17676	0.0016808
0.068604	-0.13777	-0.0024731
0.068848	-0.14319	0.0036073
0.069092	-0.099927	0.01092
0.069336	-0.099889	0.0016374
0.06958	-0.065669	0.0046166
0.069824	-0.059066	0.0096416
0.070068	-0.038222	-0.0034722
0.070312	-0.01637	-0.0039371
0.070557	-0.010749	-0.0036553
0.070801	0.0060381	-0.017727
0.071045	0.012574	-0.016012
0.071289	0.016864	-0.019788
0.071533	0.014725	-0.033309
0.071777	0.019872	-0.026392
0.072021	0.0057707	-0.028641
0.072266	0.010263	-0.039852
0.07251	-0.0097422	-0.028348
0.072754	-0.016448	-0.02585
0.072998	-0.022027	-0.032497
0.073242	-0.04064	-0.016575
0.073486	-0.040282	-0.012481
0.07373	-0.051139	-0.014156
0.073975	-0.050289	0.0044935
0.074219	-0.060891	0.0057861
0.074463	-0.053128	0.0055082
0.074707	-0.068749	0.023796
0.074951	-0.038939	0.019164
0.075195	-0.063058	0.016822
0.075439	-0.030671	0.031345
0.075684	-0.041149	0.019862
0.075928	-0.01519	0.012292
0.076172	-0.024109	0.022648
0.076416	0.0032874	0.0051347
0.07666	-0.010726	-0.0037388
0.076904	0.042451	0.0015132
0.077148	0.0036867	-0.01935
0.077393	0.037696	-0.02357
0.077637	0.028386	-0.018008
0.077881	0.048116	-0.039362
0.078125	0.028374	-0.036894
0.078369	0.055155	-0.026517
0.078613	0.02013	-0.042673
0.078857	0.046353	-0.033264
0.079102	0.021966	-0.01924
0.079346	0.033773	-0.029813
0.07959	0.022046	-0.012868
0.079834	0.026223	0.00046167
0.080078	0.023438	-0.010781
0.080322	0.020992	0.0093442
0.080566	0.0016092	0.018862
0.080811	0.024725	0.0033302
0.081055	0.014713	0.021442
0.081299	0.0041054	0.024215
0.081543	0.01322	0.0057765
0.081787	0.01917	0.022669
0.082031	0.0098729	0.017264
0.082275	0.01266	-0.0040952
0.08252	0.020452	0.0131
0.082764	0.037464	-0.00018581
0.083008	0.012693	-0.022864
0.083252	0.01399	-0.0061903
0.083496	0.044322	-0.02471
0.08374	0.023938	-0.04348
0.083984	0.013939	-0.023053
0.084229	0.037507	-0.042482
0.084473	0.034556	-0.05091
0.084717	0.0095814	-0.024122
0.084961	0.015973	-0.041141
0.085205	0.029182	-0.040188
0.085449	0.027382	-0.010803
0.085693	-0.010119	-0.029747
0.085938	0.013039	-0.023207
0.086182	0.030326	0.0019153
0.086426	-0.01108	-0.022476
0.08667	-0.013086	-0.012624
0.086914	0.024513	0.00858
0.087158	-0.0027859	-0.018582
0.087402	-0.029032	-0.003795
0.087646	-0.013394	0.012711
0.087891	0.0044247	-0.014903
0.088135	-0.023291	0.0041015
0.088379	-0.043806	0.013186
0.088623	0.00093922	-0.018041
0.088867	-0.0067793	0.0015358
0.089111	-0.044909	0.00036755
0.089355	-0.024014	-0.031659
0.0896	0.0093242	-0.010538
0.089844	-0.035748	-0.017329
0.090088	-0.035589	-0.043834
0.090332	-0.010404	-0.016287
0.090576	-0.011379	-0.025111
0.09082	-0.042072	-0.04239
0.091064	-0.034868	-0.010751
0.091309	0.0059265	-0.023456
0.091553	-0.030903	-0.036435
0.091797	-0.049407	-0.0073605
0.092041	-0.014033	-0.026628
0.092285	0.0081632	-0.034657
0.092529	-0.054079	-0.0096301
0.092773	-0.017224	-0.032222
0.093018	-0.0011511	-0.031782
0.093262	-0.0095223	-0.0061285
0.093506	-0.04758	-0.027474
0.09375	-0.0042813	-0.018474
0.093994	0.0087886	0.0037254
0.094238	-0.029179	-0.017936
0.094482	-0.029642	-0.0060057
0.094727	0.022249	0.0075504
0.094971	0.0010633	-0.017468
0.095215	-0.025731	-0.0053308
0.095459	0.019221	-0.00052863
0.095703	0.023626	-0.023962
0.095947	-0.0015092	-0.0083212
0.096191	-0.011818	-0.0063339
0.096436	0.043006	-0.024663
0.09668	0.023111	-0.0057784
0.096924	0.00065777	-0.0076365
0.097168	0.016624	-0.021749
0.097412	0.065694	-0.004302
0.097656	0.010763	-0.012127
0.0979	0.018598	-0.025362
0.098145	0.061574	-0.011063
0.098389	0.053056	-0.022169
0.098633	0.010954	-0.029114
0.098877	0.047769	-0.014396
0.099121	0.069103	-0.024525
0.099365	0.038217	-0.024927
0.099609	0.034606	-0.0096224
0.099854	0.067532	-0.018793
0.1001	0.061374	-0.01538
0.10034	0.011949	-0.0046073
0.10059	0.067873	-0.016048
0.10083	0.079992	-0.012552
0.10107	0.053279	-0.0066259
0.10132	0.040534	-0.017648
0.10156	0.090075	-0.012116
0.10181	0.10618	-0.009135
0.10205	0.041842	-0.018271
0.10229	0.080549	-0.011239
0.10254	0.10806	-0.009656
0.10278	0.057106	-0.016837
0.10303	0.054169	-0.010723
0.10327	0.082222	-0.013088
0.10352	0.080693	-0.019834
0.10376	0.045093	-0.014888
0.104	0.030788	-0.01822
0.10425	0.091144	-0.022302
0.10449	0.032387	-0.017548
0.10474	0.0026599	-0.021011
0.10498	0.057844	-0.021972
0.10522	0.015075	-0.016619
0.10547	0.015126	-0.019388
0.10571	-0.014269	-0.019263
0.10596	0.021135	-0.016274
0.1062	0.0083414	-0.019882
0.10645	-0.055194	-0.01906
0.10669	-0.0014759	-0.016851
0.10693	-0.0047179	-0.019569
0.10718	-0.065554	-0.017549
0.10742	-0.052841	-0.016177
0.10767	-0.047556	-0.017841
0.10791	-0.048564	-0.0151
0.10815	-0.096246	-0.014594
0.1084	-0.11491	-0.01663
0.10864	-0.056338	-0.015884
0.10889	-0.12456	-0.017756
0.10913	-0.14814	-0.019939
0.10938	-0.12277	-0.019172
0.10962	-0.12549	-0.020972
0.10986	-0.17119	-0.021457
0.11011	-0.18422	-0.020155
0.11035	-0.15952	-0.020782
0.1106	-0.1783	-0.019829
0.11084	-0.22912	-0.018885
0.11108	-0.22045	-0.020392
0.11133	-0.17157	-0.020068
0.11157	-0.2632	-0.020931
0.11182	-0.27516	-0.023318
0.11206	-0.22264	-0.022844
0.1123	-0.25007	-0.023684
0.11255	-0.29208	-0.024553
0.11279	-0.3126	-0.022608
0.11304	-0.26802	-0.02236
0.11328	-0.27335	-0.021874
0.11353	-0.40095	-0.01934
0.11377	-0.27581	-0.020277
0.11401	-0.30748	-0.020198
0.11426	-0.41532	-0.018825
0.1145	-0.33307	-0.02089
0.11475	-0.39453	-0.021369
0.11499	-0.33812	-0.020709
0.11523	-0.44481	-0.021944
0.11548	-0.45426	-0.020805
0.11572	-0.30727	-0.019021
0.11597	-0.53726	-0.019589
0.11621	-0.45594	-0.017898
0.11646	-0.3909	-0.01654
0.1167	-0.53734	-0.017524
0.11694	-0.43347	-0.016852
0.11719	-0.57558	-0.016985
0.11743	-0.44348	-0.019291
0.11768	-0.48106	-0.019049
0.11792	-0.6966	-0.019408
0.11816	-0.38605	-0.02076
0.11841	-0.6185	-0.019399
0.11865	-0.62738	-0.019345
0.1189	-0.50059	-0.019892
0.11914	-0.69496	-0.018274
0.11938	-0.48446	-0.018679
0.11963	-0.71411	-0.019498
0.11987	-0.62879	-0.018928
0.12012	-0.4652	-0.020581
0.12036	-0.82805	-0.021611
0.12061	-0.51183	-0.020915
0.12085	-0.61847	-0.022128
0.12109	-0.71097	-0.022042
0.12134	-0.48882	-0.020548
0.12158	-0.78958	-0.020723
0.12183	-0.46245	-0.019711
0.12207	-0.62822	-0.018141
0.12231	-0.73355	-0.018705
0.12256	-0.35804	-0.018115
0.1228	-0.74672	-0.017588
0.12305	-0.48897	-0.018777
0.12329	-0.48373	-0.018593
0.12354	-0.64418	-0.018339
0.12378	-0.30821	-0.019297
0.12402	-0.66756	-0.018175
0.12427	-0.37851	-0.017111
0.12451	-0.34388	-0.017332
0.12476	-0.62298	-0.016189
0.125	-0.17969	-0.015499
0.12524	-0.49456	-0.015663
0.12549	-0.32267	-0.01504
0.12573	-0.20745	-0.015878
0.12598	-0.48255	-0.01722
0.12622	-0.035726	-0.016897
0.12646	-0.36281	-0.01724
0.12671	-0.21698	-0.017678
0.12695	0.00076806	-0.017561
0.1272	-0.35398	-0.017628
0.12744	0.061652	-0.017068
0.12769	-0.16024	-0.016205
0.12793	-0.091451	-0.016075
0.12817	0.12845	-0.016452
0.12842	-0.2349	-0.017059
0.12866	0.18972	-0.016783
0.12891	-0.023235	-0.016358
0.12915	-0.048122	-0.017064
0.12939	0.25042	-0.017535
0.12964	-0.11266	-0.017571
0.12988	0.23572	-0.017201
0.13013	0.064566	-0.015514
0.13037	0.026559	-0.015493
0.13062	0.32071	-0.016854
0.13086	-0.071984	-0.016081
0.1311	0.26137	-0.015409
0.13135	0.14604	-0.015533
0.13159	0.025279	-0.015102
0.13184	0.32818	-0.01745
0.13208	-0.031252	-0.018406
0.13232	0.25376	-0.016241
0.13257	0.14563	-0.016146
0.13281	0.013196	-0.016936
0.13306	0.33337	-0.017452
0.1333	-0.066536	-0.018764
0.13354	0.20329	-0.016746
0.13379	0.13532	-0.014791
0.13403	-0.038434	-0.016783
0.13428	0.27317	-0.018796
0.13452	-0.10602	-0.018563
0.13477	0.15173	-0.017338
0.13501	0.090405	-0.016094
0.13525	-0.11551	-0.017018
0.1355	0.23507	-0.019944
0.13574	-0.15457	-0.0202
0.13599	0.0764	-0.01707
0.13623	0.063902	-0.015661
0.13647	-0.1863	-0.017291
0.13672	0.18763	-0.019402
0.13696	-0.21424	-0.020043
0.13721	0.0090396	-0.017548
0.13745	0.037086	-0.014728
0.1377	-0.26654	-0.016998
0.13794	0.15101	-0.021108
0.13818	-0.23441	-0.020236
0.13843	-0.06503	-0.017447
0.13867	0.038836	-0.015582
0.13892	-0.30268	-0.016022
0.13916	0.12639	-0.021088
0.1394	-0.23731	-0.021451
0.13965	-0.12512	-0.015885
0.13989	0.061001	-0.014547
0.14014	-0.35038	-0.016268
0.14038	0.092572	-0.019637
0.14062	-0.20268	-0.021291
0.14087	-0.17625	-0.016027
0.14111	0.081581	-0.012001
0.14136	-0.34356	-0.015774
0.1416	0.076154	-0.020115
0.14185	-0.13895	-0.019834
0.14209	-0.1962	-0.015327
0.14233	0.12665	-0.011456
0.14258	-0.29619	-0.013891
0.14282	0.06943	-0.020635
0.14307	-0.057335	-0.019954
0.14331	-0.20241	-0.014143
0.14355	0.16183	-0.010974
0.1438	-0.24106	-0.013835
0.14404	0.047811	-0.019862
0.14429	0.0098148	-0.020236
0.14453	-0.20077	-0.013552
0.14478	0.1759	-0.0096744
0.14502	-0.17137	-0.013461
0.14526	0.030262	-0.02024
0.14551	0.073349	-0.01943
0.14575	-0.17378	-0.01319
0.146	0.17953	-0.0091944
0.14624	-0.10631	-0.01208
0.14648	0.0088697	-0.019735
0.14673	0.10946	-0.019077
0.14697	-0.15376	-0.011128
0.14722	0.16019	-0.0080431
0.14746	-0.061692	-0.011386
0.14771	-0.017759	-0.017896
0.14795	0.12047	-0.017959
0.14819	-0.13334	-0.010684
0.14844	0.1291	-0.0060734
0.14868	-0.033023	-0.011044
0.14893	-0.045146	-0.016968
0.14917	0.11517	-0.015844
0.14941	-0.11685	-0.010157
0.14966	0.089398	-0.0055516
0.1499	-0.009985	-0.0085304
0.15015	-0.062437	-0.016155
0.15039	0.10093	-0.015175
0.15063	-0.098281	-0.0092607
0.15088	0.048818	-0.0058857
0.15112	-0.006011	-0.0073364
0.15137	-0.083772	-0.014955
0.15161	0.070922	-0.016167
0.15186	-0.096088	-0.010067
0.1521	0.0034999	-0.0045178
0.15234	-0.012097	-0.0074487
0.15259	-0.095558	-0.014436
0.15283	0.040867	-0.017038
0.15308	-0.080765	-0.01138
0.15332	-0.026527	-0.0045937
0.15356	-0.011096	-0.0065244
0.15381	-0.097729	-0.016103
0.15405	0.010441	-0.018809
0.1543	-0.074853	-0.011999
0.15454	-0.058411	-0.0043031
0.15479	-0.029248	-0.0059663
0.15503	-0.1031	-0.015599
0.15527	-0.024264	-0.020039
0.15552	-0.071366	-0.011552
0.15576	-0.073248	-0.0017096
0.15601	-0.035124	-0.0054395
0.15625	-0.08363	-0.016566
0.15649	-0.033506	-0.020056
0.15674	-0.056481	-0.011916
0.15698	-0.069399	-0.0005
0.15723	-0.0387	-0.0047731
0.15747	-0.074814	-0.019109
0.15771	-0.053437	-0.021688
0.15796	-0.064274	-0.010553
0.1582	-0.083444	-0.00066799
0.15845	-0.060067	-0.0057386
0.15869	-0.075202	-0.020086
0.15894	-0.065997	-0.023209
0.15918	-0.057709	-0.0093822
0.15942	-0.065077	0.00057628
0.15967	-0.048248	-0.0084758
0.15991	-0.044403	-0.022489
0.16016	-0.055346	-0.02293
0.1604	-0.045647	-0.0099288
0.16064	-0.051907	-0.00073602
0.16089	-0.065234	-0.011111
0.16113	-0.050281	-0.025858
0.16138	-0.073664	-0.023434
0.16162	-0.067776	-0.009516
0.16187	-0.048061	-0.0049882
0.16211	-0.067764	-0.01584
0.16235	-0.034706	-0.028072
0.1626	-0.025236	-0.02556
0.16284	-0.031701	-0.012676
0.16309	-0.005524	-0.010088
0.16333	-0.028982	-0.023084
0.16357	-0.028517	-0.030768
0.16382	-0.021181	-0.025732
0.16406	-0.061675	-0.017038
0.16431	-0.050408	-0.016086
0.16455	-0.064245	-0.025599
0.16479	-0.067645	-0.031184
0.16504	-0.044068	-0.025196
0.16528	-0.042271	-0.020296
0.16553	-0.026859	-0.023075
0.16577	-0.0096971	-0.02856
0.16602	-0.0087212	-0.029351
0.16626	0.00032517	-0.028397
0.1665	-0.0020347	-0.027138
0.16675	-0.013785	-0.030056
0.16699	-0.028092	-0.031734
0.16724	-0.036423	-0.029854
0.16748	-0.045699	-0.031588
0.16772	-0.047274	-0.036269
0.16797	-0.039854	-0.035853
0.16821	-0.03687	-0.030051
0.16846	-0.010485	-0.029237
0.1687	0.00087387	-0.0338
0.16895	0.011679	-0.039968
0.16919	0.031005	-0.036473
0.16943	0.014586	-0.023967
0.16968	0.015798	-0.023874
0.16992	0.013588	-0.035781
0.17017	-0.021958	-0.041765
0.17041	-0.017093	-0.032155
0.17065	-0.030542	-0.018909
0.1709	-0.036017	-0.021404
0.17114	-0.011993	-0.038509
0.17139	-0.015449	-0.044337
0.17163	0.013496	-0.027499
0.17188	0.025762	-0.012332
0.17212	0.030684	-0.02193
0.17236	0.048215	-0.039704
0.17261	0.033591	-0.040899
0.17285	0.023995	-0.019962
0.1731	0.020802	-0.0058553
0.17334	-0.0087666	-0.020652
0.17358	-0.0079553	-0.039894
0.17383	-0.017373	-0.03413
0.17407	-0.019366	-0.01076
0.17432	-0.0065578	-0.0024717
0.17456	0.0056905	-0.019702
0.1748	0.016818	-0.036119
0.17505	0.023965	-0.023032
0.17529	0.038491	-1.3839e-05
0.17554	0.03215	0.0036581
0.17578	0.030392	-0.016304
0.17603	0.016826	-0.027782
0.17627	-0.0036498	-0.010164
0.17651	-0.0037354	0.0076068
0.17676	-0.018309	0.0043848
0.177	-0.024867	-0.015659
0.17725	-0.0015873	-0.020615
0.17749	-0.021375	-0.00083343
0.17773	0.0074732	0.014062
0.17798	0.024021	0.005029
0.17822	0.0091446	-0.011066
0.17847	0.038259	-0.0082742
0.17871	0.017513	0.0085509
0.17896	0.00098486	0.016895
0.1792	0.01925	0.0021255
0.17944	-0.01607	-0.011065
0.17969	-0.017301	-0.0032688
0.17993	-0.0060191	0.011306
0.18018	-0.039061	0.013153
0.18042	-0.0026246	0.00055851
0.18066	-0.0065058	-0.0036777
0.18091	-0.011225	0.0072093
0.18115	0.021478	0.021252
0.1814	0.0053332	0.014718
0.18164	-0.0033391	0.0035738
0.18188	0.023208	0.0022842
0.18213	-0.014506	0.011329
0.18237	-0.012881	0.018732
0.18262	-0.0069749	0.0077191
0.18286	-0.046791	0.00076091
0.18311	-0.022954	0.0045893
0.18335	-0.026319	0.017821
0.18359	-0.03444	0.01852
0.18384	-0.0065371	0.010413
0.18408	-0.0077881	0.004734
0.18433	-0.016368	0.01171
0.18457	0.01865	0.020757
0.18481	-0.0079747	0.012149
0.18506	-0.001241	0.0038112
0.1853	-0.00054274	-0.002215
0.18555	-0.029425	0.0095081
0.18579	-0.017347	0.012137
0.18604	-0.01942	0.0050307
0.18628	-0.030519	-0.0021435
0.18652	-0.014027	-9.0381e-05
0.18677	-0.010241	0.013554
0.18701	-0.022261	0.012097
0.18726	0.0062248	0.0060882
0.1875	-0.0084792	-0.003293
0.18774	-0.0054412	0.0056908
0.18799	-0.0021251	0.011473
0.18823	-0.017523	0.0090267
0.18848	-0.016318	-0.0012013
0.18872	-0.010243	-0.0055928
0.18896	-0.025846	0.0060768
0.18921	-0.021247	0.0087183
0.18945	-0.014746	0.007007
0.1897	-0.038245	-0.0058617
0.18994	-0.01091	-0.0014443
0.19019	-0.025885	0.0045729
0.19043	-0.024098	0.0079904
0.19067	-0.0086301	-0.0020043
0.19092	-0.02287	-0.010918
0.19116	-0.018485	-0.0044462
0.19141	-0.0014465	0.00020857
0.19165	-0.022346	0.0051776
0.19189	-0.0082394	-0.0080473
0.19214	-0.0024418	-0.0063171
0.19238	-0.024865	-0.0021052
0.19263	0.0070102	0.0072263
0.19287	-0.017265	0.0026897
0.19312	-0.0056112	-0.0073522
0.19336	-0.0040518	-0.0070083
0.1936	-0.019356	-0.0042909
0.19385	-0.012827	0.0046135
0.19409	-0.020568	-0.0062051
0.19434	-0.028925	-0.0061893
0.19458	-0.020861	-0.0074762
0.19482	-0.027482	0.0038801
0.19507	-0.023884	0.0056339
0.19531	-0.004686	-0.0010508
0.19556	-0.025879	-0.003503
0.1958	0.024866	-0.0066896
0.19604	0.0083892	0.0018063
0.19629	0.024437	-0.006394
0.19653	0.0089233	-0.0066712
0.19678	-0.022803	-0.013263
0.19702	-0.03693	-0.0049368
0.19727	-0.065213	-0.00059876
0.19751	-0.091061	2.0589e-05
0.19775	-0.096961	0.0012758
0.198	-0.097374	-0.0029561
0.19824	-0.085719	0.0044269
0.19849	-0.035488	-0.0027051
0.19873	-0.03905	-0.00066273
0.19897	0.023242	-0.01033
0.19922	0.0063765	-0.0080016
0.19946	0.039501	-0.0082842
0.19971	0.043137	-0.007109
0.19995	0.03797	-0.0029083
0.2002	0.040953	-0.005832
0.20044	0.013238	0.0014294
0.20068	-0.021686	-0.0046154
0.20093	-0.064667	0.00098358
0.20117	-0.11053	-0.0073077
0.20142	-0.15593	-0.0058251
0.20166	-0.1405	-0.010278
0.2019	-0.16128	-0.011191
0.20215	-0.080661	-0.0078261
0.20239	-0.061844	-0.01002
0.20264	0.015447	-0.0028848
0.20288	0.046629	-0.0087777
0.20312	0.057251	-0.0025179
0.20337	0.060284	-0.009856
0.20361	0.022203	-0.0076091
0.20386	0.0071421	-0.014275
0.2041	-0.016331	-0.017346
0.20435	-0.039932	-0.016736
0.20459	-0.07294	-0.019488
0.20483	-0.091878	-0.011259
0.20508	-0.17521	-0.014805
0.20532	-0.16479	-0.0060515
0.20557	-0.22966	-0.010047
0.20581	-0.17779	-0.0053318
0.20605	-0.10901	-0.011204
0.2063	-0.028528	-0.015387
0.20654	0.10545	-0.02008
0.20679	0.16801	-0.02706
0.20703	0.19849	-0.023936
0.20728	0.16951	-0.02983
0.20752	0.057087	-0.021805
0.20776	-0.071312	-0.022838
0.20801	-0.15342	-0.013045
0.20825	-0.26181	-0.012102
0.2085	-0.21896	-0.010451
0.20874	-0.22691	-0.012615
0.20898	-0.17853	-0.018341
0.20923	-0.12651	-0.018969
0.20947	-0.14689	-0.029133
0.20972	-0.10723	-0.028619
0.20996	-0.09525	-0.035096
0.21021	-0.048902	-0.028721
0.21045	0.051743	-0.027697
0.21069	0.15031	-0.02255
0.21094	0.20597	-0.020179
0.21118	0.25826	-0.019805
0.21143	0.13086	-0.016903
0.21167	-0.0081282	-0.022758
0.21191	-0.23429	-0.023194
0.21216	-0.43409	-0.031309
0.2124	-0.50358	-0.030028
0.21265	-0.49209	-0.033086
0.21289	-0.35253	-0.030213
0.21313	-0.16929	-0.028554
0.21338	0.018064	-0.026202
0.21362	0.13163	-0.021791
0.21387	0.19732	-0.023213
0.21411	0.13557	-0.020774
0.21436	0.090258	-0.026205
0.2146	0.035273	-0.025595
0.21484	0.031146	-0.030629
0.21509	0.055842	-0.030712
0.21533	0.075697	-0.031292
0.21558	0.0204	-0.029722
0.21582	-0.10375	-0.026376
0.21606	-0.28769	-0.025567
0.21631	-0.50102	-0.021342
0.21655	-0.56394	-0.022606
0.2168	-0.55618	-0.020012
0.21704	-0.34264	-0.024238
0.21729	-0.04206	-0.024997
0.21753	0.25729	-0.028004
0.21777	0.496	-0.028651
0.21802	0.57121	-0.028653
0.21826	0.43055	-0.02929
0.21851	0.22172	-0.025994
0.21875	-0.059965	-0.02573
0.21899	-0.26107	-0.021097
0.21924	-0.29864	-0.022305
0.21948	-0.30916	-0.02025
0.21973	-0.19456	-0.021619
0.21997	-0.13239	-0.021211
0.22021	-0.15804	-0.022738
0.22046	-0.21213	-0.023957
0.2207	-0.28804	-0.023326
0.22095	-0.28067	-0.024318
0.22119	-0.074309	-0.021271
0.22144	0.18256	-0.022775
0.22168	0.49827	-0.019793
0.22192	0.73688	-0.0202
0.22217	0.74352	-0.018581
0.22241	0.5971	-0.019339
0.22266	0.23411	-0.019524
0.2229	-0.18021	-0.019605
0.22314	-0.49039	-0.020603
0.22339	-0.6478	-0.019046
0.22363	-0.55868	-0.021202
0.22388	-0.2701	-0.018417
0.22412	0.0054524	-0.019652
0.22437	0.2192	-0.017333
0.22461	0.24409	-0.017645
0.22485	0.13593	-0.016823
0.2251	0.091816	-0.016644
0.22534	0.10923	-0.016715
0.22559	0.25901	-0.015862
0.22583	0.45966	-0.017929
0.22607	0.59984	-0.015695
0.22632	0.63082	-0.01848
0.22656	0.50604	-0.016309
0.22681	0.16562	-0.01759
0.22705	-0.24778	-0.016927
0.22729	-0.64377	-0.016515
0.22754	-0.82593	-0.016119
0.22778	-0.66387	-0.015155
0.22803	-0.26047	-0.015544
0.22827	0.22189	-0.01323
0.22852	0.57041	-0.015442
0.22876	0.64406	-0.012864
0.229	0.51464	-0.01477
0.22925	0.3328	-0.014095
0.22949	0.15317	-0.014361
0.22974	0.083445	-0.014934
0.22998	0.063543	-0.014674
0.23022	0.11175	-0.014927
0.23047	0.21638	-0.01392
0.23071	0.2457	-0.015364
0.23096	0.108	-0.013017
0.2312	-0.21286	-0.014994
0.23145	-0.60172	-0.013454
0.23169	-0.78982	-0.014084
0.23193	-0.6426	-0.014045
0.23218	-0.23042	-0.013382
0.23242	0.27904	-0.013842
0.23267	0.60619	-0.012956
0.23291	0.69835	-0.013502
0.23315	0.57401	-0.011842
0.2334	0.32475	-0.013844
0.23364	0.022414	-0.012337
0.23389	-0.26823	-0.013411
0.23413	-0.47834	-0.013298
0.23438	-0.47131	-0.014319
0.23462	-0.26459	-0.014637
0.23486	0.0057929	-0.014539
0.23511	0.12654	-0.015083
0.23535	-0.044794	-0.014225
0.2356	-0.37362	-0.015979
0.23584	-0.59777	-0.01388
0.23608	-0.55253	-0.014894
0.23633	-0.2586	-0.014241
0.23657	0.091947	-0.014172
0.23682	0.30582	-0.014526
0.23706	0.41011	-0.014237
0.2373	0.38322	-0.014569
0.23755	0.24599	-0.01431
0.23779	-0.015419	-0.014761
0.23804	-0.4177	-0.014617
0.23828	-0.74411	-0.015616
0.23853	-0.79614	-0.014868
0.23877	-0.53934	-0.015744
0.23901	-0.084892	-0.016031
0.23926	0.21434	-0.015702
