-0.31958	-0.017202	-0.003814
-0.31934	0.25447	0.051214
-0.31909	0.40881	0.02689
-0.31885	-0.071091	0.017321
-0.3186	0.26751	0.042557
-0.31836	0.3669	0.019973
-0.31812	0.16993	0.018982
-0.31787	0.18322	0.052523
-0.31763	0.17426	0.037232
-0.31738	0.47238	0.027743
-0.31714	-0.019914	0.079293
-0.31689	0.18337	0.077364
-0.31665	0.35485	0.05391
-0.31641	0.19324	0.098029
-0.31616	0.089781	0.10475
-0.31592	0.20619	0.066522
-0.31567	0.36726	0.096855
-0.31543	0.087696	0.096269
-0.31519	0.20827	0.046287
-0.31494	0.22323	0.072687
-0.3147	0.44427	0.066967
-0.31445	-0.014512	0.0067974
-0.31421	0.26423	0.030953
-0.31396	0.44126	0.04972
-0.31372	0.041573	-0.0044705
-0.31348	0.31843	0.021808
-0.31323	0.11679	0.072972
-0.31299	0.44265	0.04027
-0.31274	0.046898	0.0605
-0.3125	0.14971	0.11954
-0.31226	0.38559	0.077041
-0.31201	0.14306	0.071117
-0.31177	0.14015	0.12322
-0.31152	0.19706	0.068399
-0.31128	0.39562	0.040636
-0.31104	0.029622	0.099311
-0.31079	0.32361	0.047866
-0.31055	0.154	0.014016
-0.3103	0.41427	0.079101
-0.31006	0.12467	0.045385
-0.30981	0.17402	0.0011789
-0.30957	0.5842	0.084697
-0.30933	-0.027267	0.07404
-0.30908	0.43574	0.0097661
-0.30884	0.1273	0.088969
-0.30859	0.34316	0.11127
-0.30835	0.15059	0.02686
-0.30811	0.089759	0.078086
-0.30786	0.40074	0.11959
-0.30762	0.095064	0.036828
-0.30737	0.17117	0.071386
-0.30713	0.13957	0.11939
-0.30688	0.42016	0.037944
-0.30664	-0.012605	0.073535
-0.3064	0.41827	0.13372
-0.30615	0.20508	0.039088
-0.30591	0.30497	0.047212
-0.30566	0.3404	0.12762
-0.30542	0.034434	0.029283
-0.30518	0.73423	0.0011385
-0.30493	-0.079944	0.089571
-0.30469	0.46606	0.0061243
-0.30444	0.23091	-0.058029
-0.3042	0.16427	0.038173
-0.30396	0.29103	-0.0049167
-0.30371	0.018629	-0.058991
-0.30347	0.37568	0.082586
-0.30322	0.045912	0.10975
-0.30298	0.20601	0.060478
-0.30273	0.063222	0.18896
-0.30249	0.4287	0.21401
-0.30225	-0.076611	0.1038
-0.302	0.35538	0.15727
-0.30176	0.27378	0.14041
-0.30151	0.076699	-0.027772
-0.30127	0.54935	-0.0078581
-0.30103	-0.16458	0.01372
-0.30078	0.68471	-0.12494
-0.30054	-0.0504	-0.061062
-0.30029	0.22971	0.07941
-0.30005	0.37825	0.02321
-0.2998	-0.047636	0.092783
-0.29956	0.32674	0.26019
-0.29932	-0.032321	0.19258
-0.29907	0.24605	0.16206
-0.29883	-0.014893	0.23852
-0.29858	0.20605	0.093346
-0.29834	-0.042859	-0.025963
-0.2981	0.35033	0.035267
-0.29785	-0.089047	-0.072957
-0.29761	0.15423	-0.15817
-0.29736	0.39521	0.0068772
-0.29712	-0.25418	0.041466
-0.29688	0.62655	0.013932
-0.29663	-0.23646	0.21194
-0.29639	0.39604	0.28291
-0.29614	0.07808	0.18818
-0.2959	-0.072819	0.2649
-0.29565	0.41297	0.24626
-0.29541	-0.21956	0.031464
-0.29517	0.24025	0.0049326
-0.29492	-0.060169	-0.012939
-0.29468	0.076874	-0.19728
-0.29443	-0.10531	-0.16436
-0.29419	0.18676	-0.026845
-0.29395	-0.16931	-0.053226
-0.2937	0.16002	0.078426
-0.29346	0.014646	0.30336
-0.29321	-0.18689	0.28678
-0.29297	0.42252	0.31221
-0.29272	-0.45945	0.40332
-0.29248	0.48443	0.21976
-0.29224	-0.239	0.037136
-0.29199	-0.008781	0.023213
-0.29175	0.22435	-0.15767
-0.2915	-0.38235	-0.30655
-0.29126	0.28428	-0.18539
-0.29102	-0.27008	-0.12955
-0.29077	0.029964	-0.082644
-0.29053	-0.14409	0.18564
-0.29028	-0.05789	0.34386
-0.29004	-0.16783	0.35983
-0.28979	0.059041	0.48991
-0.28955	-0.25158	0.45749
-0.28931	-0.0076462	0.21373
-0.28906	0.11651	0.10619
-0.28882	-0.52892	-0.037143
-0.28857	0.47369	-0.31311
-0.28833	-0.48739	-0.35344
-0.28809	0.062918	-0.27293
-0.28784	-0.041093	-0.27382
-0.2876	-0.3432	-0.068762
-0.28735	0.19939	0.24009
-0.28711	-0.52191	0.35881
-0.28687	0.056545	0.50719
-0.28662	-0.25368	0.64805
-0.28638	-0.25741	0.50123
-0.28613	-0.23454	0.28996
-0.28589	-0.081236	0.13367
-0.28564	-0.36344	-0.18408
-0.2854	-0.18914	-0.43666
-0.28516	-0.10594	-0.45431
-0.28491	-0.33573	-0.46516
-0.28467	0.037185	-0.36604
-0.28442	-0.5194	-0.012217
-0.28418	0.28583	0.26994
-0.28394	-0.49992	0.47173
-0.28369	-0.20249	0.73347
-0.28345	0.18913	0.78403
-0.2832	-0.63922	0.57673
-0.28296	0.12046	0.37798
-0.28271	-0.37786	0.068595
-0.28247	-0.1672	-0.33522
-0.28223	-0.24356	-0.5466
-0.28198	-0.35657	-0.62532
-0.28174	-0.19379	-0.63959
-0.28149	-0.21346	-0.38623
-0.28125	-0.51015	-0.011644
-0.28101	-0.14922	0.29075
-0.28076	-0.088361	0.6419
-0.28052	-0.78689	0.90819
-0.28027	0.20733	0.86699
-0.28003	-0.46067	0.70091
-0.27979	-0.31462	0.42737
-0.27954	-0.13734	-0.042408
-0.2793	-0.35912	-0.46309
-0.27905	-0.036794	-0.70101
-0.27881	-0.57972	-0.86309
-0.27856	0.042534	-0.79235
-0.27832	-0.29587	-0.44128
-0.27808	-0.32933	-0.05023
-0.27783	-0.19075	0.38555
-0.27759	-0.205	0.84158
-0.27734	-0.28714	1.0574
-0.2771	-0.38574	1.0232
-0.27686	-0.15262	0.84928
-0.27661	-0.26798	0.40771
-0.27637	-0.34591	-0.14358
-0.27612	-0.47838	-0.5672
-0.27588	0.1735	-0.89729
-0.27563	-0.70919	-1.0616
-0.27539	-0.32691	-0.86479
-0.27515	0.21893	-0.48689
-0.2749	-0.76941	-0.03784
-0.27466	-0.050672	0.51866
-0.27441	-0.22026	0.98201
-0.27417	-0.26222	1.1668
-0.27393	-0.22736	1.1514
-0.27368	-0.27549	0.88286
-0.27344	-0.046846	0.34156
-0.27319	-0.14433	-0.22532
-0.27295	-0.50315	-0.71285
-0.27271	-0.0094197	-1.1052
-0.27246	0.093876	-1.189
-0.27222	-0.7632	-0.94738
-0.27197	0.10795	-0.55618
-0.27173	0.052166	0.005681
-0.27148	-0.5904	0.64671
-0.27124	-0.16013	1.0828
-0.271	0.071977	1.2863
-0.27075	-0.3396	1.2591
-0.27051	-0.47559	0.88055
-0.27026	0.26338	0.28152
-0.27002	-0.42572	-0.31781
-0.26978	-0.23412	-0.88192
-0.26953	0.015313	-1.2524
-0.26929	-0.26449	-1.2621
-0.26904	0.066174	-1.0074
-0.2688	-0.30895	-0.54051
-0.26855	-0.063765	0.12155
-0.26831	0.28856	0.74092
-0.26807	-0.40268	1.1511
-0.26782	-0.17121	1.3676
-0.26758	0.67861	1.2597
-0.26733	-0.62219	0.80513
-0.26709	-0.14094	0.21406
-0.26685	0.75122	-0.40616
-0.2666	-0.65729	-0.98519
-0.26636	-0.024283	-1.2939
-0.26611	0.36212	-1.271
-0.26587	-0.29828	-0.99857
-0.26562	-0.090798	-0.48125
-0.26538	0.086288	0.17594
-0.26514	-0.098561	0.7478
-0.26489	0.047322	1.1669
-0.26465	-0.16341	1.3495
-0.2644	-0.11139	1.1805
-0.26416	0.46113	0.73839
-0.26392	-0.40646	0.16504
-0.26367	-0.06885	-0.48998
-0.26343	0.66712	-1.0273
-0.26318	-0.3496	-1.2801
-0.26294	-0.16517	-1.2491
-0.2627	0.80566	-0.95863
-0.26245	-0.18581	-0.40905
-0.26221	-0.25317	0.19961
-0.26196	0.86876	0.73583
-0.26172	-0.23392	1.123
-0.26147	-0.02247	1.249
-0.26123	0.59178	1.0497
-0.26099	-0.19685	0.63423
-0.26074	0.29599	0.058224
-0.2605	0.18802	-0.5466
-0.26025	-0.12372	-1.0023
-0.26001	0.56145	-1.2125
-0.25977	-0.03413	-1.1791
-0.25952	-0.18395	-0.8577
-0.25928	0.89669	-0.36238
-0.25903	-0.21018	0.17454
-0.25879	-0.20103	0.66407
-0.25854	1.0623	1.0137
-0.2583	-0.22008	1.0778
-0.25806	-0.12647	0.89771
-0.25781	0.92822	0.5128
-0.25757	-0.035845	-0.0095458
-0.25732	-0.051667	-0.534
-0.25708	0.73442	-0.90629
-0.25684	0.016151	-1.0954
-0.25659	0.21131	-1.0368
-0.25635	0.50653	-0.75433
-0.2561	-0.13127	-0.32837
-0.25586	0.61966	0.13484
-0.25562	0.29746	0.57377
-0.25537	-0.25877	0.83257
-0.25513	0.91403	0.87942
-0.25488	0.2365	0.72335
-0.25464	-0.32627	0.39544
-0.25439	1.0872	-0.050276
-0.25415	0.20849	-0.46169
-0.25391	-0.27134	-0.77896
-0.25366	1.1184	-0.93918
-0.25342	0.052631	-0.89137
-0.25317	-0.048592	-0.64802
-0.25293	0.96409	-0.30042
-0.25269	-0.074495	0.095104
-0.25244	0.22697	0.43765
-0.2522	0.7547	0.63898
-0.25195	-0.15683	0.673
-0.25171	0.50235	0.55677
-0.25146	0.60037	0.28688
-0.25122	-0.2508	-0.04518
-0.25098	0.80294	-0.37047
-0.25073	0.45551	-0.62878
-0.25049	-0.34207	-0.75826
-0.25024	1.0171	-0.70744
-0.25	0.3877	-0.52087
-0.24976	-0.37376	-0.25285
-0.24951	1.0576	0.050832
-0.24927	0.3537	0.29926
-0.24902	-0.3009	0.44948
-0.24878	0.97689	0.49314
-0.24854	0.19329	0.41936
-0.24829	-0.0095513	0.22883
-0.24805	0.85978	-0.011213
-0.2478	-0.10181	-0.26433
-0.24756	0.36585	-0.46941
-0.24731	0.78215	-0.56661
-0.24707	-0.38198	-0.53356
-0.24683	0.64124	-0.40919
-0.24658	0.77403	-0.2122
-0.24634	-0.52629	0.00044494
-0.24609	0.79638	0.19251
-0.24585	0.69543	0.31714
-0.24561	-0.46829	0.37969
-0.24536	0.86545	0.32005
-0.24512	0.48852	0.19462
-0.24487	-0.30688	0.0091356
-0.24463	0.89432	-0.17268
-0.24438	0.23279	-0.31845
-0.24414	-0.16356	-0.37146
-0.2439	0.92484	-0.36192
-0.24365	0.0059833	-0.28168
-0.24341	0.0013987	-0.16633
-0.24316	0.90238	-0.014849
-0.24292	-0.182	0.11725
-0.24268	0.24329	0.23153
-0.24243	0.8239	0.26356
-0.24219	-0.37913	0.24833
-0.24194	0.50872	0.15442
-0.2417	0.75993	0.050857
-0.24146	-0.56156	-0.077584
-0.24121	0.7509	-0.13491
-0.24097	0.71262	-0.21302
-0.24072	-0.6057	-0.23639
-0.24048	0.82777	-0.21369
-0.24023	0.5428	-0.095973
-0.23999	-0.48933	0.02416
-0.23975	0.8158	0.16353
-0.2395	0.23381	0.22707
-0.23926	-0.2399	0.2276
-0.23901	0.85541	0.15611
-0.23877	-0.12385	0.10298
-0.23853	-0.022711	0.039786
-0.23828	0.93766	0.0094322
-0.23804	-0.38244	-0.063629
-0.23779	0.13549	-0.12605
-0.23755	0.93939	-0.17626
-0.2373	-0.48882	-0.12085
-0.23706	0.28481	-0.019442
-0.23682	0.80724	0.11378
-0.23657	-0.53916	0.17509
-0.23633	0.48394	0.18697
-0.23608	0.59884	0.14787
-0.23584	-0.59469	0.14139
-0.2356	0.6875	0.13199
-0.23535	0.40236	0.10935
-0.23511	-0.60732	0.021999
-0.23486	0.79907	-0.09065
-0.23462	0.22732	-0.18237
-0.23438	-0.46703	-0.16434
-0.23413	0.81164	-0.080287
-0.23389	-0.004523	0.030954
-0.23364	-0.20559	0.076345
-0.2334	0.79825	0.088915
-0.23315	-0.31209	0.091467
-0.23291	0.060413	0.14929
-0.23267	0.8089	0.2147
-0.23242	-0.56575	0.23234
-0.23218	0.23143	0.15192
-0.23193	0.7927	0.010412
-0.23169	-0.63386	-0.1003
-0.23145	0.35001	-0.12419
-0.2312	0.66213	-0.07987
-0.23096	-0.57667	-0.050189
-0.23071	0.49184	-0.071343
-0.23047	0.39947	-0.11686
-0.23022	-0.5083	-0.097961
-0.22998	0.67629	0.011077
-0.22974	0.13699	0.14715
-0.22949	-0.47993	0.21871
-0.22925	0.78678	0.18152
-0.229	-0.052085	0.081139
-0.22876	-0.39862	0.021941
-0.22852	0.78382	0.025701
-0.22827	-0.18222	0.072969
-0.22803	-0.1581	0.039686
-0.22778	0.70522	-0.059562
-0.22754	-0.36559	-0.19755
-0.22729	0.15441	-0.22889
-0.22705	0.63883	-0.16493
-0.22681	-0.55735	-0.05207
-0.22656	0.38905	-0.011188
-0.22632	0.61926	-0.04684
-0.22607	-0.65771	-0.10415
-0.22583	0.47327	-0.051839
-0.22559	0.52906	0.078357
-0.22534	-0.58458	0.21831
-0.2251	0.51361	0.21931
-0.22485	0.31289	0.1104
-0.22461	-0.39976	-0.046529
-0.22437	0.5902	-0.089736
-0.22412	0.022365	-0.070785
-0.22388	-0.25523	-0.045804
-0.22363	0.71024	-0.14322
-0.22339	-0.19557	-0.29328
-0.22314	-0.17054	-0.42826
-0.2229	0.75213	-0.38598
-0.22266	-0.32626	-0.21649
-0.22241	-0.046826	-0.029842
-0.22217	0.66889	0.029823
-0.22192	-0.36474	0.017712
-0.22168	0.19351	-0.0040613
-0.22144	0.54253	0.090146
-0.22119	-0.43941	0.22016
-0.22095	0.41758	0.28406
-0.2207	0.43835	0.13818
-0.22046	-0.51083	-0.11348
-0.22021	0.55972	-0.34326
-0.21997	0.36357	-0.40729
-0.21973	-0.47858	-0.36047
-0.21948	0.55648	-0.30667
-0.21924	0.20717	-0.3847
-0.21899	-0.30194	-0.4719
-0.21875	0.53585	-0.44724
-0.21851	0.015779	-0.21946
-0.21826	-0.077712	0.075233
-0.21802	0.5961	0.29148
-0.21777	-0.212	0.286
-0.21753	0.071355	0.14922
-0.21729	0.67939	0.047355
-0.21704	-0.33444	0.046169
-0.2168	0.18021	0.034583
-0.21655	0.66211	-0.07854
-0.21631	-0.34351	-0.34868
-0.21606	0.24952	-0.64576
-0.21582	0.52928	-0.78043
-0.21558	-0.30234	-0.6617
-0.21533	0.40277	-0.44031
-0.21509	0.37477	-0.26731
-0.21484	-0.28807	-0.22687
-0.2146	0.55779	-0.22183
-0.21436	0.19418	-0.098257
-0.21411	-0.24348	0.17267
-0.21387	0.62382	0.41617
-0.21362	0.099979	0.43632
-0.21338	-0.13691	0.22475
-0.21313	0.58937	-0.084301
-0.21289	-0.0045208	-0.2905
-0.21265	-0.003171	-0.33576
-0.2124	0.57058	-0.35849
-0.21216	-0.18179	-0.50067
-0.21191	0.18359	-0.74423
-0.21167	0.49352	-0.8922
-0.21143	-0.3129	-0.78765
-0.21118	0.25032	-0.46222
-0.21094	0.46021	-0.092366
-0.21069	-0.35343	0.11545
-0.21045	0.32258	0.14376
-0.21021	0.39063	0.11581
-0.20996	-0.31088	0.20155
-0.20972	0.36287	0.3271
-0.20947	0.23668	0.33968
-0.20923	-0.21392	0.075648
-0.20898	0.45033	-0.40509
-0.20874	0.1014	-0.89794
-0.2085	-0.099479	-1.1519
-0.20825	0.52305	-1.1987
-0.20801	-0.04756	-1.1398
-0.20776	-0.023042	-1.1105
-0.20752	0.54994	-1.0356
-0.20728	-0.11994	-0.80438
-0.20703	0.075502	-0.28472
-0.20679	0.51965	0.37961
-0.20654	-0.18683	0.89988
-0.2063	0.16062	1.0507
-0.20605	0.42655	0.92271
-0.20581	-0.20162	0.67137
-0.20557	0.29285	0.42291
-0.20532	0.34223	0.13947
-0.20508	-0.20973	-0.27435
-0.20483	0.36652	-0.88752
-0.20459	0.22012	-1.4653
-0.20435	-0.19614	-1.7757
-0.2041	0.43465	-1.6773
-0.20386	0.14718	-1.2891
-0.20361	-0.11828	-0.78101
-0.20337	0.4537	-0.34097
-0.20312	0.032714	0.043483
-0.20288	-0.032168	0.49412
-0.20264	0.444	1.013
-0.20239	-0.057936	1.3828
-0.20215	0.098193	1.4226
-0.2019	0.42519	1.0384
-0.20166	-0.16062	0.36932
-0.20142	0.16986	-0.30906
-0.20117	0.38147	-0.78284
-0.20093	-0.20644	-1.1485
-0.20068	0.25528	-1.4877
-0.20044	0.33934	-1.7631
-0.2002	-0.18425	-1.8316
-0.19995	0.29267	-1.5347
-0.19971	0.23034	-0.84334
-0.19946	-0.12896	0.015832
-0.19922	0.34829	0.71459
-0.19897	0.12042	1.1369
-0.19873	-0.055444	1.357
-0.19849	0.38672	1.4303
-0.19824	-0.0109	1.3763
-0.198	-0.012605	1.1026
-0.19775	0.41139	0.49483
-0.19751	-0.066808	-0.36402
-0.19727	0.058811	-1.1995
-0.19702	0.39207	-1.7474
-0.19678	-0.098057	-1.9487
-0.19653	0.11276	-1.8349
-0.19629	0.31486	-1.5755
-0.19604	-0.10773	-1.207
-0.1958	0.20219	-0.67081
-0.19556	0.23214	0.10783
-0.19531	-0.12921	0.9795
-0.19507	0.26727	1.6601
-0.19482	0.14755	1.966
-0.19458	-0.12446	1.8378
-0.19434	0.31449	1.3796
-0.19409	0.10493	0.85524
-0.19385	-0.081327	0.26336
-0.1936	0.30608	-0.41625
-0.19336	0.034606	-1.1915
-0.19312	-0.0024845	-1.8509
-0.19287	0.29125	-2.2308
-0.19263	-0.038666	-2.1572
-0.19238	0.088059	-1.6345
-0.19214	0.26101	-0.89787
-0.19189	-0.12019	-0.13388
-0.19165	0.13541	0.56649
-0.19141	0.25091	1.2124
-0.19116	-0.11855	1.7716
-0.19092	0.16747	2.1095
-0.19067	0.21775	2.1281
-0.19043	-0.093252	1.6418
-0.19019	0.17008	0.8393
-0.18994	0.13407	-0.081378
-0.1897	-0.019145	-0.89003
-0.18945	0.20871	-1.5001
-0.18921	0.053733	-1.9268
-0.18896	0.010163	-2.1497
-0.18872	0.22029	-2.1353
-0.18848	-0.019276	-1.6891
-0.18823	0.018219	-0.86772
-0.18799	0.25375	0.14948
-0.18774	-0.018154	1.1088
-0.1875	0.049779	1.7838
-0.18726	0.21489	2.1782
-0.18701	-0.03036	2.2261
-0.18677	0.087135	2.084
-0.18652	0.16018	1.6097
-0.18628	-0.016468	0.80586
-0.18604	0.15688	-0.1838
-0.18579	0.11057	-1.2116
-0.18555	-0.058431	-1.9589
-0.1853	0.17085	-2.3684
-0.18506	0.06852	-2.2977
-0.18481	-0.042759	-1.9495
-0.18457	0.18305	-1.3605
-0.18433	0.057305	-0.55132
-0.18408	0.017954	0.35013
-0.18384	0.11653	1.349
-0.18359	0.010902	2.1075
-0.18335	0.077647	2.5546
-0.18311	0.10469	2.4888
-0.18286	-0.014432	2.0047
-0.18262	0.11627	1.2957
-0.18237	0.10693	0.37513
-0.18213	-0.061079	-0.49951
-0.18188	0.088058	-1.4242
-0.18164	0.11306	-2.1207
-0.1814	-0.0075193	-2.527
-0.18115	0.067882	-2.4592
-0.18091	0.10678	-1.8825
-0.18066	0.034048	-1.0806
-0.18042	0.03954	-0.070694
-0.18018	0.0092317	0.82122
-0.17993	0.068911	1.6655
-0.17969	0.067375	2.2757
-0.17944	0.00084176	2.5887
-0.1792	0.052436	2.551
-0.17896	0.11057	1.964
-0.17871	-0.020004	1.1233
-0.17847	0.026776	1.4705e-05
-0.17822	0.089131	-1.0038
-0.17798	0.021004	-1.8457
-0.17773	0.056361	-2.3958
-0.17749	0.049774	-2.5624
-0.17725	0.052512	-2.4948
-0.177	0.13799	-1.8745
-0.17676	0.11629	-1.0237
-0.17651	0.16834	0.10709
-0.17627	0.30649	1.2125
-0.17603	0.2477	2.0697
-0.17578	0.22713	2.6518
-0.17554	0.28886	2.6899
-0.17529	0.24057	2.4907
-0.17505	0.23052	1.7473
-0.1748	0.26738	0.81984
-0.17456	0.29689	-0.34122
-0.17432	0.35325	-1.5087
-0.17407	0.30676	-2.3332
-0.17383	0.2891	-2.9053
-0.17358	0.36064	-2.7951
-0.17334	0.29322	-2.4495
-0.1731	0.27538	-1.624
-0.17285	0.40311	-0.62084
-0.17261	0.39937	0.4603
-0.17236	0.36466	1.5979
-0.17212	0.406	2.3522
-0.17188	0.38073	2.887
-0.17163	0.37546	2.7339
-0.17139	0.38484	2.2314
-0.17114	0.404	1.3029
-0.1709	0.50153	0.14973
-0.17065	0.49997	-0.90464
-0.17041	0.44399	-2.0311
-0.17017	0.5017	-2.6579
-0.16992	0.4858	-3.0933
-0.16968	0.44011	-2.8571
-0.16943	0.52354	-2.2318
-0.16919	0.57076	-1.2694
-0.16895	0.58387	-0.036022
-0.1687	0.59499	1.0014
-0.16846	0.54727	2.0465
-0.16821	0.5589	2.5876
-0.16797	0.58471	2.8525
-0.16772	0.55948	2.5537
-0.16748	0.65445	1.7961
-0.16724	0.72952	0.80851
-0.16699	0.67604	-0.51468
-0.16675	0.66726	-1.5349
-0.1665	0.68145	-2.5275
-0.16626	0.66011	-2.9318
-0.16602	0.70161	-2.9958
-0.16577	0.75318	-2.6079
-0.16553	0.81051	-1.7236
-0.16528	0.84186	-0.73724
-0.16504	0.77729	0.56411
-0.16479	0.76011	1.5644
-0.16455	0.80717	2.4376
-0.16431	0.79729	2.7822
-0.16406	0.84922	2.6562
-0.16382	0.9533	2.1708
-0.16357	0.94644	1.1624
-0.16333	0.90297	0.18605
-0.16309	0.89793	-1.0928
-0.16284	0.88419	-2.0157
-0.1626	0.91305	-2.7474
-0.16235	0.97834	-3.0044
-0.16211	1.0445	-2.6939
-0.16187	1.0815	-2.1189
-0.16162	1.0585	-1.0257
-0.16138	1.0093	-0.010995
-0.16113	1.0188	1.161
-0.16089	1.0495	2.0203
-0.16064	1.0986	2.5703
-0.1604	1.1787	2.7298
-0.16016	1.2369	2.2847
-0.15991	1.1988	1.6501
-0.15967	1.1539	0.519
-0.15942	1.1455	-0.48399
-0.15918	1.1606	-1.554
-0.15894	1.217	-2.322
-0.15869	1.3074	-2.6769
-0.15845	1.3484	-2.7327
-0.1582	1.3547	-2.1574
-0.15796	1.3083	-1.4481
-0.15771	1.2392	-0.32503
-0.15747	1.2856	0.68463
-0.15723	1.3651	1.6194
-0.15698	1.3933	2.2809
-0.15674	1.4981	2.4494
-0.15649	1.5355	2.3828
-0.15625	1.4321	1.7167
-0.15601	1.4061	0.99057
-0.15576	1.4222	-0.06489
-0.15552	1.4428	-1.0137
-0.15527	1.5668	-1.7802
-0.15503	1.6239	-2.3444
-0.15479	1.6271	-2.333
-0.15454	1.6481	-2.1435
-0.1543	1.5267	-1.3979
-0.15405	1.4752	-0.60911
-0.15381	1.6057	0.36224
-0.15356	1.6259	1.2446
-0.15332	1.7148	1.8365
-0.15308	1.8354	2.2582
-0.15283	1.7203	2.1026
-0.15259	1.6733	1.8137
-0.15234	1.6872	1.064
-0.1521	1.5985	0.28016
-0.15186	1.7536	-0.55602
-0.15161	1.9203	-1.3509
-0.15137	1.8567	-1.7652
-0.15112	1.9308	-2.0598
-0.15088	1.8814	-1.7901
-0.15063	1.6983	-1.4036
-0.15039	1.806	-0.6643
-0.15015	1.861	0.12396
-0.1499	1.8962	0.83707
-0.14966	2.1299	1.5191
-0.14941	2.0562	1.7625
-0.14917	1.9263	1.9207
-0.14893	1.9916	1.5812
-0.14868	1.8345	1.1432
-0.14844	1.8762	0.48035
-0.14819	2.1016	-0.25626
-0.14795	2.1855	-0.80526
-0.14771	2.1511	-1.3644
-0.14746	2.203	-1.4552
-0.14722	2.0133	-1.4821
-0.14697	1.9664	-1.0865
-0.14673	2.0016	-0.5911
-0.14648	2.1108	-0.0077733
-0.14624	2.2432	0.66985
-0.146	2.3204	1.0629
-0.14575	2.2826	1.4891
-0.14551	2.1549	1.4631
-0.14526	2.078	1.3652
-0.14502	2.1044	0.96806
-0.14478	2.2223	0.43643
-0.14453	2.3553	-0.042737
-0.14429	2.4723	-0.63913
-0.14404	2.4753	-0.90041
-0.1438	2.3814	-1.1839
-0.14355	2.2484	-1.0666
-0.14331	2.2277	-0.86266
-0.14307	2.3163	-0.49423
-0.14282	2.4721	0.03433
-0.14258	2.5679	0.4042
-0.14233	2.6103	0.91054
-0.14209	2.5408	1.0556
-0.14185	2.4339	1.1991
-0.1416	2.3472	1.0479
-0.14136	2.4174	0.76465
-0.14111	2.5598	0.45493
-0.14087	2.7103	-0.03719
-0.14062	2.7431	-0.29518
-0.14038	2.7053	-0.68135
-0.14014	2.5997	-0.7382
-0.13989	2.5196	-0.77292
-0.13965	2.4978	-0.60807
-0.1394	2.6249	-0.27431
-0.13916	2.7803	-0.025712
-0.13892	2.8762	0.41379
-0.13867	2.8324	0.56065
-0.13843	2.7476	0.80473
-0.13818	2.6512	0.79651
-0.13794	2.626	0.71077
-0.1377	2.6766	0.55771
-0.13745	2.8296	0.19577
-0.13721	2.9699	-0.00082144
-0.13696	2.9915	-0.37395
-0.13672	2.8942	-0.46982
-0.13647	2.7989	-0.5971
-0.13623	2.7644	-0.54327
-0.13599	2.7898	-0.36253
-0.13574	2.8982	-0.23087
-0.1355	3.0368	0.11299
-0.13525	3.1309	0.24711
-0.13501	3.0678	0.53656
-0.13477	2.9493	0.61005
-0.13452	2.8522	0.61758
-0.13428	2.8905	0.55544
-0.13403	2.9361	0.29407
-0.13379	3.0758	0.18466
-0.13354	3.1658	-0.11549
-0.1333	3.2123	-0.20279
-0.13306	3.0688	-0.38681
-0.13281	2.9757	-0.44005
-0.13257	2.9018	-0.39446
-0.13232	3.0212	-0.36032
-0.13208	3.0856	-0.089251
-0.13184	3.2279	0.015653
-0.13159	3.2395	0.28354
-0.13135	3.2437	0.34623
-0.1311	3.0359	0.39926
-0.13086	3.0034	0.41961
-0.13062	2.9748	0.29264
-0.13037	3.1506	0.27574
-0.13013	3.201	0.019187
-0.12988	3.3115	-0.085414
-0.12964	3.2167	-0.29716
-0.12939	3.1852	-0.36047
-0.12915	2.9648	-0.34138
-0.12891	2.9814	-0.33664
-0.12866	3.0205	-0.15601
-0.12842	3.2124	-0.13124
-0.12817	3.2088	0.071684
-0.12793	3.266	0.14835
-0.12769	3.102	0.28577
-0.12744	3.0489	0.38835
-0.1272	2.9036	0.32392
-0.12695	2.9706	0.31045
-0.12671	3.0654	0.084845
-0.12646	3.2278	0.024659
-0.12622	3.1476	-0.11903
-0.12598	3.107	-0.17471
-0.12573	2.9614	-0.22008
-0.12549	2.8761	-0.32561
-0.12524	2.8376	-0.26799
-0.125	2.9242	-0.28819
-0.12476	3.0225	-0.099176
-0.12451	3.0856	-0.006511
-0.12427	2.9726	0.11598
-0.12402	2.8124	0.19641
-0.12378	2.7695	0.15451
-0.12354	2.6749	0.22006
-0.12329	2.7296	0.13413
-0.12305	2.7921	0.17832
-0.1228	2.9019	0.064061
-0.12256	2.7983	-0.037483
-0.12231	2.744	-0.13662
-0.12207	2.4971	-0.23462
-0.12183	2.5778	-0.16414
-0.12158	2.4992	-0.18646
-0.12134	2.6095	-0.087487
-0.12109	2.5762	-0.10042
-0.12085	2.7209	-0.053275
-0.12061	2.4344	0.025064
-0.12036	2.454	0.071163
-0.12012	2.1999	0.20829
-0.11987	2.3407	0.16911
-0.11963	2.2452	0.18809
-0.11938	2.407	0.085827
-0.11914	2.2108	0.039561
-0.1189	2.3884	0.025986
-0.11865	2.0282	-0.028963
-0.11841	2.0656	-0.020131
-0.11816	1.8913	-0.13663
-0.11792	2.0808	-0.14641
-0.11768	1.9215	-0.17926
-0.11743	2.1174	-0.12606
-0.11719	1.8401	-0.035689
-0.11694	1.9729	-0.029464
-0.1167	1.68	0.049463
-0.11646	1.6935	0.0090199
-0.11621	1.552	0.066966
-0.11597	1.7875	0.083544
-0.11572	1.5717	0.14527
-0.11548	1.6577	0.16368
-0.11523	1.5045	0.067066
-0.11499	1.5179	0.039363
-0.11475	1.2972	-0.065988
-0.1145	1.3396	-0.040763
-0.11426	1.3144	-0.029677
-0.11401	1.3941	0.00029523
-0.11377	1.2898	0.017781
-0.11353	1.2343	-0.046671
-0.11328	1.1642	-0.015513
-0.11304	1.0684	-0.034912
-0.11279	1.0053	0.072084
-0.11255	0.95784	0.10224
-0.1123	1.0769	0.11098
-0.11206	0.98019	0.094752
-0.11182	0.98276	0.034092
-0.11157	0.78574	0.062699
-0.11133	0.87517	0.042885
-0.11108	0.65665	0.08109
-0.11084	0.76476	0.044293
-0.1106	0.60154	-0.021318
-0.11035	0.83605	-0.050968
-0.11011	0.56595	-0.095772
-0.10986	0.67562	-0.015617
-0.10962	0.37457	-0.015608
-0.10938	0.60315	0.030103
-0.10913	0.29726	-0.0017979
-0.10889	0.53296	-0.0085785
-0.10864	0.28493	0.043876
-0.1084	0.5781	0.076408
-0.10815	0.2013	0.17406
-0.10791	0.38535	0.17032
-0.10767	0.067285	0.17932
-0.10742	0.36403	0.14635
-0.10718	0.039005	0.1296
-0.10693	0.30653	0.17236
-0.10669	0.041595	0.14795
-0.10645	0.29608	0.18776
-0.1062	-0.077552	0.09892
-0.10596	0.11367	0.073788
-0.10571	-0.12257	0.039526
-0.10547	0.13722	0.061925
-0.10522	-0.12268	0.11526
-0.10498	0.075614	0.10429
-0.10474	-0.1084	0.12715
-0.10449	0.033109	0.072267
-0.10425	-0.2227	0.097312
-0.104	-0.10588	0.10569
-0.10376	-0.18567	0.10839
-0.10352	-0.071296	0.12346
-0.10327	-0.20918	0.047584
-0.10303	-0.1616	0.023116
-0.10278	-0.2016	-0.060745
-0.10254	-0.22731	-0.046964
-0.10229	-0.30009	-0.058249
-0.10205	-0.30325	-0.067127
-0.10181	-0.20441	-0.072052
-0.10156	-0.26558	-0.11068
-0.10132	-0.23664	-0.061157
-0.10107	-0.33686	-0.032419
-0.10083	-0.19916	0.064296
-0.10059	-0.36841	0.1216
-0.10034	-0.25936	0.1497
-0.1001	-0.39054	0.20037
-0.099854	-0.15795	0.19006
-0.099609	-0.38956	0.25533
-0.099365	-0.23979	0.24757
-0.099121	-0.45649	0.27834
-0.098877	-0.21392	0.23913
-0.098633	-0.49522	0.19615
-0.098389	-0.26999	0.18586
-0.098145	-0.47822	0.15377
-0.0979	-0.1859	0.2113
-0.097656	-0.48271	0.20185
-0.097412	-0.24891	0.23148
-0.097168	-0.47744	0.22352
-0.096924	-0.18365	0.2281
-0.09668	-0.46568	0.25735
-0.096436	-0.21063	0.23235
-0.096191	-0.40941	0.2542
-0.095947	-0.15129	0.1616
-0.095703	-0.44043	0.10618
-0.095459	-0.23191	0.0022404
-0.095215	-0.4169	-0.078039
-0.094971	-0.20346	-0.13887
-0.094727	-0.44063	-0.22431
-0.094482	-0.2555	-0.2546
-0.094238	-0.39012	-0.32979
-0.093994	-0.22738	-0.3069
-0.09375	-0.40522	-0.27731
-0.093506	-0.25476	-0.20527
-0.093262	-0.31132	-0.10389
-0.093018	-0.18478	-0.033767
-0.092773	-0.2888	0.068617
-0.092529	-0.19764	0.098599
-0.092285	-0.21874	0.18689
-0.092041	-0.18907	0.21115
-0.091797	-0.25797	0.21835
-0.091553	-0.22885	0.21582
-0.091309	-0.19745	0.16517
-0.091064	-0.22128	0.1589
-0.09082	-0.22664	0.13286
-0.090576	-0.24807	0.18822
-0.090332	-0.17971	0.21104
-0.090088	-0.25032	0.27941
-0.089844	-0.19469	0.37487
-0.0896	-0.22874	0.43164
-0.089355	-0.094347	0.53738
-0.089111	-0.18043	0.58112
-0.088867	-0.086855	0.62694
-0.088623	-0.15596	0.56737
-0.088379	-0.022308	0.48797
-0.088135	-0.1561	0.3491
-0.087891	-0.062635	0.15066
-0.087646	-0.15854	-0.01026
-0.087402	-0.029874	-0.23155
-0.087158	-0.18413	-0.39691
-0.086914	-0.088554	-0.54578
-0.08667	-0.18876	-0.60408
-0.086426	-0.058482	-0.61503
-0.086182	-0.19182	-0.56525
-0.085938	-0.074038	-0.42242
-0.085693	-0.14757	-0.31775
-0.085449	-0.010321	-0.15007
-0.085205	-0.11396	-0.028655
-0.084961	-0.0035263	0.072302
-0.084717	-0.058223	0.11979
-0.084473	0.055631	0.11928
-0.084229	-0.048844	0.12185
-0.083984	0.018331	0.07678
-0.08374	-0.054387	0.13731
-0.083496	-0.013699	0.17797
-0.083252	-0.12211	0.27222
-0.083008	-0.074263	0.37096
-0.082764	-0.11572	0.44964
-0.08252	-0.065846	0.51978
-0.082275	-0.112	0.55557
-0.082031	-0.058252	0.63486
-0.081787	-0.066447	0.62546
-0.081543	-0.029834	0.64278
-0.081299	-0.054127	0.63778
-0.081055	-0.0093747	0.57345
-0.080811	0.0096936	0.52048
-0.080566	0.035848	0.44656
-0.080322	0.022688	0.38144
-0.080078	0.034004	0.24507
-0.079834	0.030806	0.16475
-0.07959	-0.001298	0.044117
-0.079346	-0.039361	-0.090194
-0.079102	-0.059469	-0.16086
-0.078857	-0.058275	-0.2641
-0.078613	-0.078304	-0.34466
-0.078369	-0.071322	-0.42278
-0.078125	-0.066684	-0.45126
-0.077881	-0.031318	-0.5097
-0.077637	-0.033969	-0.52581
-0.077393	-0.012907	-0.47964
-0.077148	-0.0085636	-0.48308
-0.076904	0.025569	-0.41982
-0.07666	0.01613	-0.35331
-0.076416	0.030824	-0.26528
-0.076172	0.020852	-0.17847
-0.075928	0.03	-0.050721
-0.075684	-0.009522	0.070959
-0.075439	-0.023656	0.14233
-0.075195	-0.057656	0.28981
-0.074951	-0.070696	0.37861
-0.074707	-0.10808	0.46205
-0.074463	-0.10331	0.55629
-0.074219	-0.10467	0.62734
-0.073975	-0.076236	0.65408
-0.07373	-0.069382	0.65995
-0.073486	-0.041405	0.69564
-0.073242	-0.027712	0.63424
-0.072998	-0.01181	0.6091
-0.072754	-0.024569	0.56962
-0.07251	-0.021072	0.47009
-0.072266	-0.028509	0.37724
-0.072021	-0.03287	0.28764
-0.071777	-0.057711	0.19391
-0.071533	-0.072739	0.057303
-0.071289	-0.095498	-0.0080284
-0.071045	-0.11371	-0.11351
-0.070801	-0.1408	-0.23227
-0.070557	-0.14634	-0.27415
-0.070312	-0.14821	-0.34343
-0.070068	-0.13508	-0.3895
-0.069824	-0.12052	-0.40722
-0.06958	-0.096601	-0.39016
-0.069336	-0.076987	-0.40748
-0.069092	-0.059328	-0.37407
-0.068848	-0.05261	-0.29262
-0.068604	-0.046374	-0.26264
-0.068359	-0.046908	-0.17193
-0.068115	-0.056546	-0.079859
-0.067871	-0.072273	-0.0023758
-0.067627	-0.086614	0.073749
-0.067383	-0.10641	0.18198
-0.067139	-0.12169	0.27034
-0.066895	-0.13459	0.31855
-0.06665	-0.13203	0.42932
-0.066406	-0.13059	0.47106
-0.066162	-0.11922	0.49625
-0.065918	-0.10979	0.5449
-0.065674	-0.081445	0.55938
-0.06543	-0.060402	0.53511
-0.065186	-0.033623	0.51178
-0.064941	-0.017419	0.49437
-0.064697	-0.0011846	0.39815
-0.064453	0.0025909	0.3489
-0.064209	-0.00099392	0.28814
-0.063965	-0.014776	0.18569
-0.063721	-0.024517	0.11337
-0.063477	-0.032055	0.043698
-0.063232	-0.038319	-0.031604
-0.062988	-0.038362	-0.11606
-0.062744	-0.029509	-0.13299
-0.0625	-0.018312	-0.18296
-0.062256	0.0061167	-0.22821
-0.062012	0.024578	-0.2162
-0.061768	0.052808	-0.24018
-0.061523	0.070511	-0.24473
-0.061279	0.097085	-0.22671
-0.061035	0.10746	-0.19674
-0.060791	0.13133	-0.19926
-0.060547	0.13686	-0.15542
-0.060303	0.15581	-0.10283
-0.060059	0.16309	-0.092402
-0.059814	0.16707	-0.022587
-0.05957	0.1594	0.029934
-0.059326	0.14785	0.07617
-0.059082	0.13816	0.12483
-0.058838	0.13879	0.18754
-0.058594	0.15246	0.22337
-0.05835	0.17126	0.2396
-0.058105	0.20657	0.29279
-0.057861	0.23087	0.27643
-0.057617	0.24903	0.26061
-0.057373	0.2611	0.24757
-0.057129	0.26322	0.20919
-0.056885	0.2796	0.14982
-0.056641	0.28617	0.10898
-0.056396	0.29975	0.072307
-0.056152	0.2959	-0.0046469
-0.055908	0.29668	-0.016975
-0.055664	0.27297	-0.057482
-0.05542	0.26479	-0.090214
-0.055176	0.24648	-0.095395
-0.054932	0.24771	-0.099072
-0.054688	0.25547	-0.1039
-0.054443	0.26153	-0.1181
-0.054199	0.2758	-0.093709
-0.053955	0.27637	-0.12144
-0.053711	0.28092	-0.12646
-0.053467	0.27502	-0.13589
-0.053223	0.2803	-0.16046
-0.052979	0.27022	-0.17449
-0.052734	0.26567	-0.18024
-0.05249	0.25111	-0.16243
-0.052246	0.20301	-0.14701
-0.052002	0.15499	-0.078148
-0.051758	0.091866	-0.048419
-0.051514	0.040912	-0.006128
-0.05127	-0.020065	0.036098
-0.051025	-0.033738	0.049393
-0.050781	-0.061893	0.054166
-0.050537	-0.068112	0.077575
-0.050293	-0.083899	0.087162
-0.050049	-0.094219	0.088785
-0.049805	-0.10568	0.092928
-0.049561	-0.12341	0.10708
-0.049316	-0.058475	0.010135
-0.049072	-0.0099004	-0.080494
-0.048828	0.045476	-0.15508
-0.048584	0.074609	-0.25524
-0.04834	0.11548	-0.34623
-0.048096	0.058975	-0.33827
-0.047852	0.022735	-0.33766
-0.047607	-0.021408	-0.34248
-0.047363	-0.058154	-0.32087
-0.047119	-0.093975	-0.31072
-0.046875	-0.1495	-0.30994
-0.046631	-0.20718	-0.27156
-0.046387	-0.28337	-0.24948
-0.046143	-0.34944	-0.22237
-0.045898	-0.4269	-0.17027
-0.045654	-0.4813	-0.12803
-0.04541	-0.55213	-0.082153
-0.045166	-0.62179	-0.029889
-0.044922	-0.70561	0.024408
-0.044678	-0.80601	0.073823
-0.044434	-0.89768	0.1334
-0.044189	-0.99625	0.2014
-0.043945	-1.0735	0.2595
-0.043701	-1.1585	0.32611
-0.043457	-1.2269	0.40307
-0.043213	-1.3192	0.46093
-0.042969	-1.3966	0.51506
-0.042725	-1.4859	0.59338
-0.04248	-1.5627	0.64097
-0.042236	-1.6257	0.69887
-0.041992	-1.6927	0.77779
-0.041748	-1.7412	0.83191
-0.041504	-1.7993	0.89335
-0.04126	-1.8488	0.96275
-0.041016	-1.9047	1.0145
-0.040771	-1.9392	1.0546
-0.040527	-1.9784	1.1125
-0.040283	-1.9876	1.1549
-0.040039	-1.9952	1.186
-0.039795	-1.9973	1.2326
-0.039551	-1.9832	1.2686
-0.039307	-1.9832	1.2926
-0.039062	-1.9621	1.3062
-0.038818	-1.939	1.329
-0.038574	-1.8964	1.3221
-0.03833	-1.8489	1.3141
-0.038086	-1.7812	1.3228
-0.037842	-1.7253	1.3025
-0.037598	-1.6559	1.2915
-0.037354	-1.5835	1.2877
-0.037109	-1.5051	1.2576
-0.036865	-1.3951	1.2283
-0.036621	-1.2845	1.2049
-0.036377	-1.155	1.1618
-0.036133	-1.0276	1.1267
-0.035889	-0.89417	1.1001
-0.035645	-0.76635	1.0629
-0.0354	-0.61584	1.0354
-0.035156	-0.46332	1.0032
-0.034912	-0.29896	0.97049
-0.034668	-0.1251	0.92255
-0.034424	0.03276	0.8862
-0.03418	0.19879	0.84662
-0.033936	0.35485	0.79573
-0.033691	0.52311	0.76139
-0.033447	0.69941	0.72847
-0.033203	0.89237	0.68195
-0.032959	1.0692	0.63391
-0.032715	1.2502	0.59609
-0.032471	1.4071	0.52227
-0.032227	1.5532	0.45812
-0.031982	1.7078	0.40199
-0.031738	1.8504	0.31675
-0.031494	2.0069	0.24911
-0.03125	2.1555	0.17404
-0.031006	2.2833	0.088658
-0.030762	2.3915	-0.0095608
-0.030518	2.4898	-0.11104
-0.030273	2.5587	-0.22135
-0.030029	2.6284	-0.34508
-0.029785	2.6834	-0.46548
-0.029541	2.7206	-0.58447
-0.029297	2.7573	-0.70828
-0.029053	2.7612	-0.83226
-0.028809	2.7627	-0.94904
-0.028564	2.7512	-1.0847
-0.02832	2.7188	-1.2095
-0.028076	2.6634	-1.3324
-0.027832	2.5947	-1.4622
-0.027588	2.5013	-1.5658
-0.027344	2.4065	-1.6638
-0.0271	2.2985	-1.7527
-0.026855	2.1731	-1.8238
-0.026611	2.049	-1.8815
-0.026367	1.8944	-1.942
-0.026123	1.7274	-1.98
-0.025879	1.5521	-2.0018
-0.025635	1.3704	-2.0203
-0.025391	1.1799	-2.009
-0.025146	0.98243	-1.9785
-0.024902	0.77218	-1.9246
-0.024658	0.56004	-1.8649
-0.024414	0.3463	-1.7835
-0.02417	0.11869	-1.6829
-0.023926	-0.10146	-1.5902
-0.023682	-0.33576	-1.4665
-0.023438	-0.58261	-1.3238
-0.023193	-0.83722	-1.1708
-0.022949	-1.0846	-0.98915
-0.022705	-1.3179	-0.79278
-0.022461	-1.5429	-0.58678
-0.022217	-1.7668	-0.36592
-0.021973	-1.9997	-0.13312
-0.021729	-2.2287	0.1124
-0.021484	-2.4787	0.37278
-0.02124	-2.7108	0.64286
-0.020996	-2.9277	0.93239
-0.020752	-3.1212	1.2398
-0.020508	-3.318	1.5529
-0.020264	-3.5147	1.8748
-0.02002	-3.7184	2.1981
-0.019775	-3.9113	2.5222
-0.019531	-4.0942	2.832
-0.019287	-4.2582	3.145
-0.019043	-4.3919	3.4586
-0.018799	-4.5248	3.7693
-0.018555	-4.6539	4.0651
-0.018311	-4.7689	4.3602
-0.018066	-4.8686	4.6286
-0.017822	-4.9404	4.8641
-0.017578	-4.9831	5.084
-0.017334	-5.0526	5.3624
-0.01709	-5.1125	5.6298
-0.016846	-5.161	5.8963
-0.016602	-5.2029	6.1599
-0.016357	-5.2138	6.4068
-0.016113	-5.1648	6.5431
-0.015869	-5.0989	6.6381
-0.015625	-5.0157	6.6937
-0.015381	-4.9346	6.6836
-0.015137	-4.8435	6.6312
-0.014893	-4.7354	6.5489
-0.014648	-4.6142	6.4085
-0.014404	-4.4751	6.2217
-0.01416	-4.323	5.9938
-0.013916	-4.1769	5.7158
-0.013672	-4.015	5.3652
-0.013428	-3.8379	4.964
-0.013184	-3.6384	4.5255
-0.012939	-3.4046	4.0325
-0.012695	-3.1518	3.5012
-0.012451	-2.8828	2.9514
-0.012207	-2.6011	2.3788
-0.011963	-2.3014	1.7592
-0.011719	-1.9721	1.121
-0.011475	-1.6089	0.46804
-0.01123	-1.2159	-0.21944
-0.010986	-0.79584	-0.91926
-0.010742	-0.36165	-1.6091
-0.010498	0.086098	-2.2889
-0.010254	0.55819	-2.968
-0.01001	1.0452	-3.6301
-0.0097656	1.5497	-4.2614
-0.0095215	2.0549	-4.8877
-0.0092773	2.5511	-5.5074
-0.0090332	3.0332	-6.0809
-0.0087891	3.4998	-6.6249
-0.0085449	3.9601	-7.1414
-0.0083008	4.4021	-7.5968
-0.0080566	4.816	-7.9912
-0.0078125	5.1802	-8.3383
-0.0075684	5.4784	-8.6331
-0.0073242	5.7091	-8.8516
-0.0070801	5.875	-9.0062
-0.0068359	5.9786	-9.1025
-0.0065918	6.0167	-9.108
-0.0063477	5.9823	-9.0212
-0.0061035	5.8572	-8.8622
-0.0058594	5.6523	-8.6238
-0.0056152	5.3614	-8.2897
-0.0053711	5.0126	-7.8861
-0.005127	4.6144	-7.4217
-0.0048828	4.1644	-6.8752
-0.0046387	3.679	-6.2536
-0.0043945	3.1563	-5.5719
-0.0041504	2.6072	-4.8285
-0.0039062	2.055	-4.0146
-0.0036621	1.5058	-3.1504
-0.003418	0.97545	-2.266
-0.0031738	0.46314	-1.3423
-0.0029297	-0.035498	-0.38986
-0.0026855	-0.51446	0.5524
-0.0024414	-0.95448	1.5011
-0.0021973	-1.3546	2.4606
-0.0019531	-1.6984	3.3988
-0.001709	-1.9963	4.3043
-0.0014648	-2.2522	5.1842
-0.0012207	-2.4639	6.0264
-0.00097656	-2.6529	6.7928
-0.00073242	-2.8015	7.493
-0.00048828	-2.9196	8.1365
-0.00024414	-3.0168	8.6978
0	-3.1087	9.168
0.00024414	-3.211	9.5702
0.00048828	-3.3341	9.8922
0.00073242	-3.4765	10.103
0.00097656	-3.6426	10.22
0.0012207	-3.8356	10.248
0.0014648	-4.0651	10.163
0.001709	-4.3412	9.9694
0.0019531	-4.6608	9.6927
0.0021973	-5.0121	9.3355
0.0024414	-5.3756	8.8829
0.0026855	-5.7269	8.356
0.0029297	-6.0598	7.7741
0.0031738	-6.3659	7.1171
0.003418	-6.6426	6.3846
0.0036621	-6.8904	5.6199
0.0039062	-7.0796	4.8148
0.0041504	-7.2081	3.966
0.0043945	-7.2539	3.1045
0.0046387	-7.2155	2.2452
0.0048828	-7.097	1.3745
0.005127	-6.8925	0.49625
0.0053711	-6.6001	-0.36007
0.0056152	-6.2121	-1.1959
0.0058594	-5.7228	-2.0145
0.0061035	-5.1336	-2.7888
0.0063477	-4.4621	-3.5001
0.0065918	-3.7123	-4.158
0.0068359	-2.8978	-4.7613
0.0070801	-2.0211	-5.2843
0.0073242	-1.0889	-5.7379
0.0075684	-0.12516	-6.1287
0.0078125	0.85752	-6.4331
0.0080566	1.8239	-6.6499
0.0083008	2.7566	-6.7857
0.0085449	3.6507	-6.8364
0.0087891	4.4891	-6.7953
0.0090332	5.2806	-6.6683
0.0092773	6.002	-6.4721
0.0095215	6.6442	-6.2032
0.0097656	7.1968	-5.8573
0.01001	7.6594	-5.453
0.010254	8.0302	-5.003
0.010498	8.3178	-4.4925
0.010742	8.518	-3.9371
0.010986	8.6154	-3.3604
0.01123	8.6164	-2.7539
0.011475	8.5003	-2.1212
0.011719	8.2894	-1.4862
0.011963	7.9843	-0.85426
0.012207	7.5974	-0.21652
0.012451	7.1316	0.4021
0.012695	6.5818	0.98975
0.012939	5.9642	1.5429
0.013184	5.2913	2.054
0.013428	4.5938	2.5107
0.013672	3.9054	2.9081
0.013916	3.247	3.262
0.01416	2.6315	3.5617
0.014404	2.067	3.7921
0.014648	1.5664	4.0176
0.014893	1.1455	4.1698
0.015137	0.8366	4.2415
0.015381	0.64262	4.2783
0.015625	0.57259	4.2438
0.015869	0.62754	4.0969
0.016113	0.78323	3.9313
0.016357	1.0492	3.6859
0.016602	1.4113	3.3753
0.016846	1.8735	3.0513
0.01709	2.406	2.6466
0.017334	2.9823	2.2032
0.017578	3.5692	1.7787
0.017822	4.1387	1.2794
0.018066	4.6688	0.77986
0.018311	5.1368	0.31314
0.018555	5.5285	-0.20814
0.018799	5.8044	-0.70711
0.019043	5.9312	-1.1669
0.019287	5.8823	-1.664
0.019531	5.6475	-2.1038
0.019775	5.2382	-2.5057
0.02002	4.654	-2.9243
0.020264	3.9138	-3.2572
0.020508	3.0215	-3.5754
0.020752	2.0009	-3.9085
0.020996	0.88922	-4.1424
0.02124	-0.2719	-4.3845
0.021484	-1.4202	-4.6251
0.021729	-2.5228	-4.7468
0.021973	-3.5279	-4.8896
0.022217	-4.4176	-5.0135
0.022461	-5.153	-5.0241
0.022705	-5.7027	-5.0685
0.022949	-6.034	-5.0648
0.023193	-6.1232	-4.9515
0.023438	-5.9753	-4.8737
0.023682	-5.6008	-4.7045
0.023926	-5.0325	-4.4542
0.02417	-4.2795	-4.2503
0.024414	-3.3658	-3.9391
0.024658	-2.3204	-3.5877
0.024902	-1.1834	-3.3026
0.025146	-0.014385	-2.8956
0.025391	1.1484	-2.4929
0.025635	2.2472	-2.1535
0.025879	3.2449	-1.6756
0.026123	4.109	-1.2434
0.026367	4.809	-0.85682
0.026611	5.3205	-0.34132
0.026855	5.6032	0.077759
0.0271	5.6451	0.47954
0.027344	5.4367	0.986
0.027588	5.0105	1.353
0.027832	4.3867	1.7348
0.028076	3.5942	2.1807
0.02832	2.6555	2.4435
0.028564	1.5961	2.7535
0.028809	0.48038	3.0791
0.029053	-0.64555	3.2169
0.029297	-1.7199	3.439
0.029541	-2.7041	3.6383
0.029785	-3.5541	3.6612
0.030029	-4.2368	3.8028
0.030273	-4.7392	3.8606
0.030518	-5.0425	3.7749
0.030762	-5.1391	3.8217
0.031006	-5.011	3.7458
0.03125	-4.672	3.5739
0.031494	-4.153	3.5527
0.031738	-3.4955	3.3708
0.031982	-2.7309	3.1562
0.032227	-1.8642	3.0726
0.032471	-0.93607	2.7923
0.032715	0.017487	2.5371
0.032959	0.94075	2.3922
0.033203	1.8009	2.0284
0.033447	2.5685	1.7617
0.033691	3.2163	1.5633
0.033936	3.7295	1.1516
0.03418	4.088	0.88251
0.034424	4.3014	0.62891
0.034668	4.3629	0.19054
0.034912	4.268	-0.049821
0.035156	4.0167	-0.33289
0.0354	3.6344	-0.75231
0.035645	3.1696	-0.94082
0.035889	2.6491	-1.2403
0.036133	2.0834	-1.625
0.036377	1.4813	-1.7712
0.036621	0.88459	-2.0734
0.036865	0.33775	-2.3856
0.037109	-0.13759	-2.4684
0.037354	-0.52902	-2.7434
0.037598	-0.83905	-2.9466
0.037842	-1.0429	-2.954
0.038086	-1.1356	-3.1785
0.03833	-1.1296	-3.2538
0.038574	-1.0388	-3.1807
0.038818	-0.86098	-3.3351
0.039062	-0.58913	-3.2712
0.039307	-0.25361	-3.1351
0.039551	0.10917	-3.2104
0.039795	0.46404	-3.0159
0.040039	0.81665	-2.8413
0.040283	1.1731	-2.8393
0.040527	1.5116	-2.5279
0.040771	1.7967	-2.3286
0.041016	2.003	-2.2479
0.04126	2.1456	-1.8573
0.041504	2.2325	-1.6642
0.041748	2.257	-1.5242
0.041992	2.2063	-1.0988
0.042236	2.0919	-0.93025
0.04248	1.9424	-0.71452
0.042725	1.76	-0.27129
0.042969	1.5405	-0.12765
0.043213	1.2829	0.13914
0.043457	1.024	0.55655
0.043701	0.79558	0.64731
0.043945	0.58912	0.9416
0.044189	0.38445	1.2863
0.044434	0.18223	1.3254
0.044678	0.013554	1.62
0.044922	-0.10392	1.8651
0.045166	-0.17909	1.8389
0.04541	-0.24368	2.1103
0.045654	-0.30058	2.2264
0.045898	-0.31841	2.1476
0.046143	-0.31017	2.3744
0.046387	-0.30074	2.3707
0.046631	-0.30306	2.2541
0.046875	-0.29605	2.4228
0.047119	-0.27176	2.2891
0.047363	-0.24497	2.1488
0.047607	-0.245	2.2397
0.047852	-0.27032	1.9928
0.048096	-0.28683	1.8455
0.04834	-0.28429	1.8714
0.048584	-0.27901	1.5459
0.048828	-0.29353	1.4163
0.049072	-0.32682	1.3732
0.049316	-0.3368	1.0087
0.049561	-0.32359	0.89278
0.049805	-0.30757	0.78295
0.050049	-0.29405	0.38437
0.050293	-0.2632	0.30814
0.050537	-0.21194	0.12426
0.050781	-0.13297	-0.25117
0.051025	-0.053077	-0.3055
0.05127	0.0093366	-0.52312
0.051514	0.093531	-0.88316
0.051758	0.20424	-0.89365
0.052002	0.31202	-1.1751
0.052246	0.39181	-1.4577
0.05249	0.44075	-1.4597
0.052734	0.48983	-1.7415
0.052979	0.55311	-1.9601
0.053223	0.58775	-1.9053
0.053467	0.573	-2.2006
0.053711	0.54177	-2.2803
0.053955	0.49986	-2.2128
0.054199	0.44959	-2.4298
0.054443	0.38591	-2.4078
0.054688	0.27848	-2.2772
0.054932	0.16659	-2.4561
0.055176	0.089339	-2.2819
0.05542	0.01548	-2.1706
0.055664	-0.081746	-2.257
0.055908	-0.17121	-2.0229
0.056152	-0.22946	-1.8932
0.056396	-0.23926	-1.9431
0.056641	-0.23181	-1.6093
0.056885	-0.24178	-1.5216
0.057129	-0.23106	-1.4694
0.057373	-0.1741	-1.129
0.057617	-0.092004	-1.0433
0.057861	0.0036558	-0.95859
0.058105	0.081333	-0.59191
0.05835	0.16172	-0.56582
0.058594	0.29112	-0.40669
0.058838	0.42492	-0.093107
0.059082	0.50496	-0.081352
0.059326	0.57672	0.094954
0.05957	0.65632	0.36644
0.059814	0.73517	0.33499
0.060059	0.78574	0.55173
0.060303	0.77628	0.74655
0.060547	0.74269	0.70132
0.060791	0.73093	0.92026
0.061035	0.69263	1.0414
0.061279	0.6156	0.97233
0.061523	0.51666	1.1712
0.061768	0.39648	1.2142
0.062012	0.29795	1.1309
0.062256	0.216	1.3104
0.0625	0.076901	1.2642
0.062744	-0.068277	1.1947
0.062988	-0.1568	1.3117
0.063232	-0.2366	1.2126
0.063477	-0.32889	1.1163
0.063721	-0.41476	1.2095
0.063965	-0.48822	1.0211
0.064209	-0.5123	0.96699
0.064453	-0.51363	0.9696
0.064697	-0.53015	0.77783
0.064941	-0.53649	0.69049
0.065186	-0.51777	0.67729
0.06543	-0.48095	0.41075
0.065674	-0.42042	0.39341
0.065918	-0.3919	0.29409
0.066162	-0.37285	0.088469
0.066406	-0.29379	0.04729
0.06665	-0.21438	-0.020981
0.066895	-0.18111	-0.25922
0.067139	-0.1365	-0.2242
0.067383	-0.080642	-0.3775
0.067627	-0.028578	-0.50609
0.067871	0.024549	-0.50417
0.068115	0.050623	-0.59643
0.068359	0.070727	-0.73095
0.068604	0.10599	-0.63918
0.068848	0.12113	-0.79483
0.069092	0.13541	-0.80667
0.069336	0.14055	-0.77215
0.06958	0.11499	-0.85513
0.069824	0.1207	-0.86933
0.070068	0.1381	-0.77699
0.070312	0.10423	-0.91116
0.070557	0.090242	-0.82433
0.070801	0.1126	-0.79941
0.071045	0.10474	-0.86395
0.071289	0.098824	-0.79543
0.071533	0.10566	-0.73958
0.071777	0.10366	-0.82088
0.072021	0.11464	-0.68851
0.072266	0.12663	-0.68731
0.07251	0.13277	-0.69868
0.072754	0.16161	-0.58105
0.072998	0.17658	-0.56322
0.073242	0.18977	-0.56095
0.073486	0.23033	-0.42592
0.07373	0.24093	-0.43924
0.073975	0.24862	-0.40417
0.074219	0.30394	-0.29124
0.074463	0.32409	-0.32227
0.074707	0.32177	-0.26761
0.074951	0.37075	-0.19277
0.075195	0.41285	-0.22699
0.075439	0.42749	-0.18783
0.075684	0.38054	-0.040693
0.075928	0.33439	-0.033914
0.076172	0.29565	0.11828
0.076416	0.24335	0.19661
0.07666	0.16144	0.2419
0.076904	0.17387	0.25922
0.077148	0.18731	0.28067
0.077393	0.16671	0.19816
0.077637	0.16369	0.27122
0.077881	0.14534	0.20685
0.078125	0.088843	0.20009
0.078369	0.076301	0.19265
0.078613	0.070386	0.18226
0.078857	0.003223	0.11578
0.079102	-0.045098	0.18608
0.079346	-0.061469	0.093572
0.07959	-0.092991	0.12711
0.079834	-0.131	0.10824
0.080078	-0.16927	0.091299
0.080322	-0.18496	0.035668
0.080566	-0.16856	0.076921
0.080811	-0.18156	-0.040433
0.081055	-0.19659	-0.022593
0.081299	-0.18428	-0.10043
0.081543	-0.18767	-0.13541
0.081787	-0.16843	-0.19827
0.082031	-0.12896	-0.20184
0.082275	-0.14788	-0.29815
0.08252	-0.16077	-0.25442
0.082764	-0.12033	-0.32276
0.083008	-0.1097	-0.30417
0.083252	-0.13367	-0.29435
0.083496	-0.14082	-0.27064
0.08374	-0.14187	-0.27181
0.083984	-0.13535	-0.17991
0.084229	-0.15357	-0.19988
0.084473	-0.1875	-0.14826
0.084717	-0.18874	-0.10748
0.084961	-0.19299	-0.102
0.085205	-0.2245	-0.093027
0.085449	-0.23402	-0.06656
0.085693	-0.25808	-0.099409
0.085938	-0.28644	-0.10037
0.086182	-0.25721	-0.11465
0.086426	-0.25071	-0.16015
0.08667	-0.28917	-0.15018
0.086914	-0.28628	-0.18489
0.087158	-0.25748	-0.18369
0.087402	-0.24184	-0.17132
0.087646	-0.22884	-0.14566
0.087891	-0.22788	-0.1421
0.088135	-0.20573	-0.039261
0.088379	-0.1739	-0.042783
0.088623	-0.17608	0.037897
0.088867	-0.16714	0.076811
0.089111	-0.14252	0.13225
0.089355	-0.14854	0.11392
0.0896	-0.14137	0.18477
0.089844	-0.1302	0.11605
0.090088	-0.15883	0.13486
0.090332	-0.16001	0.058974
0.090576	-0.13925	0.047786
0.09082	-0.17156	-0.048843
0.091064	-0.21286	-0.052533
0.091309	-0.22709	-0.14895
0.091553	-0.22785	-0.12198
0.091797	-0.22209	-0.1973
0.092041	-0.23837	-0.15349
0.092285	-0.26373	-0.16073
0.092529	-0.25242	-0.092505
0.092773	-0.25996	-0.088732
0.093018	-0.26397	0.041116
0.093262	-0.23591	0.055055
0.093506	-0.22869	0.15341
0.09375	-0.23246	0.19661
0.093994	-0.20712	0.2657
0.094238	-0.21194	0.23751
0.094482	-0.219	0.27949
0.094727	-0.19178	0.22601
0.094971	-0.18187	0.19424
0.095215	-0.1914	0.11265
0.095459	-0.19975	0.07241
0.095703	-0.20402	-0.012389
0.095947	-0.18494	-0.075127
0.096191	-0.17666	-0.13173
0.096436	-0.21064	-0.1426
0.09668	-0.21982	-0.17063
0.096924	-0.21127	-0.14777
0.097168	-0.21356	-0.079368
0.097412	-0.18958	-0.040881
0.097656	-0.17185	0.032716
0.0979	-0.18312	0.129
0.098145	-0.17105	0.20017
0.098389	-0.15436	0.22372
0.098633	-0.15573	0.30807
0.098877	-0.12716	0.29758
0.099121	-0.10037	0.27381
0.099365	-0.095931	0.20198
0.099609	-0.10111	0.1595
0.099854	-0.12003	0.0039981
0.1001	-0.1149	-0.093232
0.10034	-0.092375	-0.238
0.10059	-0.10779	-0.32675
0.10083	-0.13865	-0.48898
0.10107	-0.14458	-0.52414
0.10132	-0.1684	-0.59952
0.10156	-0.17687	-0.60419
0.10181	-0.18739	-0.63003
0.10205	-0.23148	-0.52689
0.10229	-0.28119	-0.52359
0.10254	-0.30101	-0.42959
0.10278	-0.32338	-0.36802
0.10303	-0.33248	-0.27853
0.10327	-0.3427	-0.30028
0.10352	-0.37086	-0.23033
0.10376	-0.39629	-0.26953
0.104	-0.43049	-0.30569
0.10425	-0.45547	-0.39368
0.10449	-0.43391	-0.42186
0.10474	-0.41648	-0.55937
0.10498	-0.43679	-0.63568
0.10522	-0.45732	-0.71352
0.10547	-0.47507	-0.73774
0.10571	-0.47773	-0.79334
0.10596	-0.44896	-0.73135
0.1062	-0.44178	-0.64832
0.10645	-0.44758	-0.53562
0.10669	-0.44456	-0.39087
0.10693	-0.43611	-0.16175
0.10718	-0.42555	0.024217
0.10742	-0.40514	0.21711
0.10767	-0.37182	0.35423
0.10791	-0.33953	0.42644
0.10815	-0.30537	0.40565
0.1084	-0.2749	0.37792
0.10864	-0.22161	0.30563
0.10889	-0.20215	0.20117
0.10913	-0.20768	0.10892
0.10938	-0.22974	0.020618
0.10962	-0.23845	-0.099537
0.10986	-0.24472	-0.24704
0.11011	-0.20724	-0.29675
0.11035	-0.17423	-0.363
0.1106	-0.15722	-0.40404
0.11084	-0.18499	-0.40022
0.11108	-0.18887	-0.30549
0.11133	-0.20306	-0.26973
0.11157	-0.16675	-0.15638
0.11182	-0.18043	-0.01912
0.11206	-0.15892	0.10778
0.1123	-0.1829	0.16432
0.11255	-0.16482	0.29485
0.11279	-0.20244	0.33296
0.11304	-0.17531	0.32148
0.11328	-0.2165	0.28624
0.11353	-0.20543	0.27147
0.11377	-0.25523	0.12544
0.11401	-0.23192	0.018717
0.11426	-0.24539	-0.084622
0.1145	-0.19064	-0.19488
0.11475	-0.22483	-0.33768
0.11499	-0.2204	-0.36473
0.11523	-0.26921	-0.39626
0.11548	-0.24826	-0.41281
0.11572	-0.24228	-0.37643
0.11597	-0.18849	-0.25526
0.11621	-0.18982	-0.18855
0.11646	-0.18947	-0.079311
0.1167	-0.21603	0.0661
0.11694	-0.2253	0.17673
0.11719	-0.20866	0.2178
0.11743	-0.19905	0.30208
0.11768	-0.17895	0.33392
0.11792	-0.19592	0.28193
0.11816	-0.18317	0.22995
0.11841	-0.22263	0.18398
0.11865	-0.19663	0.056797
0.1189	-0.2366	-0.076155
0.11914	-0.20385	-0.15376
0.11938	-0.25655	-0.24741
0.11963	-0.21305	-0.35051
0.11987	-0.24971	-0.37495
0.12012	-0.18207	-0.35214
0.12036	-0.24473	-0.35569
0.12061	-0.21303	-0.29126
0.12085	-0.29103	-0.17118
0.12109	-0.2287	-0.080917
0.12134	-0.26429	-0.0010518
0.12158	-0.17747	0.13568
0.12183	-0.22476	0.21725
0.12207	-0.18077	0.24406
0.12231	-0.26213	0.29142
0.12256	-0.22235	0.31382
0.1228	-0.25814	0.24271
0.12305	-0.18124	0.17734
0.12329	-0.20371	0.11684
0.12354	-0.16389	0.0071226
0.12378	-0.20538	-0.12454
0.12402	-0.19275	-0.18183
0.12427	-0.22226	-0.24839
0.12451	-0.20576	-0.3238
0.12476	-0.19998	-0.33282
0.125	-0.19358	-0.28488
0.12524	-0.17795	-0.2717
0.12549	-0.1917	-0.21285
0.12573	-0.15961	-0.10087
0.12598	-0.21145	-0.022473
0.12622	-0.18715	0.030447
0.12646	-0.25366	0.13728
0.12671	-0.17363	0.19497
0.12695	-0.22245	0.20224
0.1272	-0.11952	0.21643
0.12744	-0.21045	0.2165
0.12769	-0.13584	0.14203
0.12793	-0.26797	0.073489
0.12817	-0.17315	0.014978
0.12842	-0.26819	-0.073159
0.12866	-0.12009	-0.17084
0.12891	-0.20973	-0.22205
0.12915	-0.10089	-0.26383
0.12939	-0.23353	-0.30944
0.12964	-0.15135	-0.30952
0.12988	-0.27016	-0.26344
0.13013	-0.1685	-0.23403
0.13037	-0.24303	-0.19008
0.13062	-0.13984	-0.097018
0.13086	-0.20474	-0.029278
0.1311	-0.14313	0.015478
0.13135	-0.21374	0.092249
0.13159	-0.18566	0.14047
0.13184	-0.23891	0.13081
0.13208	-0.21037	0.1295
0.13232	-0.19763	0.11222
0.13257	-0.16478	0.04847
0.13281	-0.13547	-0.010905
0.13306	-0.17209	-0.058231
0.1333	-0.16263	-0.12085
0.13354	-0.24442	-0.17755
0.13379	-0.18339	-0.2121
0.13403	-0.24502	-0.22172
0.13428	-0.1099	-0.23153
0.13452	-0.20347	-0.22211
0.13477	-0.086922	-0.17416
0.13501	-0.25659	-0.13133
0.13525	-0.13217	-0.087785
0.1355	-0.30287	-0.0008425
0.13574	-0.11293	0.07551
0.13599	-0.26084	0.11926
0.13623	-0.049706	0.18957
0.13647	-0.23057	0.22277
0.13672	-0.058696	0.21889
0.13696	-0.26579	0.2276
0.13721	-0.10042	0.22056
0.13745	-0.27935	0.18406
0.1377	-0.094649	0.1635
0.13794	-0.22896	0.12709
0.13818	-0.072667	0.084525
0.13843	-0.21211	0.060458
0.13867	-0.12902	0.028686
0.13892	-0.26751	0.03055
0.13916	-0.19837	0.043304
0.1394	-0.25844	0.055079
0.13965	-0.17822	0.055142
0.13989	-0.17568	0.074769
0.14014	-0.15816	0.08267
0.14038	-0.16647	0.097832
0.14062	-0.22137	0.11347
0.14087	-0.19047	0.14222
0.14111	-0.24449	0.16261
0.14136	-0.12173	0.17326
0.1416	-0.20434	0.1728
0.14185	-0.06212	0.16947
0.14209	-0.22848	0.14917
0.14233	-0.093657	0.12071
0.14258	-0.31222	0.057325
0.14282	-0.10814	0.027072
0.14307	-0.30504	-0.0179
0.14331	-0.030311	-0.052774
0.14355	-0.24683	-0.057861
0.1438	0.0097081	-0.041267
0.14404	-0.26767	-0.050474
0.14429	-0.043061	-0.0090028
0.14453	-0.32453	0.017042
0.14478	-0.059729	0.035469
0.14502	-0.27136	0.075358
0.14526	0.0023587	0.096921
0.14551	-0.20091	0.07439
0.14575	-0.011119	0.099615
0.146	-0.24058	0.071863
0.14624	-0.10158	0.037567
0.14648	-0.26368	0.017609
0.14673	-0.099311	-0.016216
0.14697	-0.15985	-0.085983
0.14722	-0.039946	-0.10708
0.14746	-0.092774	-0.15309
0.14771	-0.083161	-0.18996
0.14795	-0.13126	-0.16277
0.14819	-0.16317	-0.18726
0.14844	-0.11036	-0.15083
0.14868	-0.14662	-0.11394
0.14893	-0.014851	-0.064925
0.14917	-0.12496	-0.056304
0.14941	0.0051994	0.050979
0.14966	-0.2056	0.041123
0.1499	-0.046243	0.10668
0.15015	-0.27277	0.13689
0.15039	-0.01076	0.14694
0.15063	-0.22646	0.15157
0.15088	0.076064	0.16652
0.15112	-0.19785	0.097911
0.15137	0.064145	0.040213
0.15161	-0.26829	0.00081042
0.15186	0.0071129	-0.14951
0.1521	-0.28434	-0.17883
0.15234	0.041852	-0.25805
0.15259	-0.20377	-0.31935
0.15283	0.084814	-0.35548
0.15308	-0.18607	-0.31412
0.15332	0.028192	-0.37933
0.15356	-0.23156	-0.28403
0.15381	-0.026525	-0.24459
0.15405	-0.19443	-0.19449
0.1543	0.0020154	-0.088673
0.15454	-0.1117	0.017282
0.15479	-0.0014556	0.044444
0.15503	-0.11648	0.19784
0.15527	-0.080862	0.24339
0.15552	-0.12742	0.24729
0.15576	-0.10622	0.3145
0.15601	-0.045904	0.29251
0.15625	-0.067246	0.21464
0.15649	0.018978	0.20669
0.15674	-0.1149	0.11626
0.15698	-0.024789	-0.032094
0.15723	-0.22044	-0.034021
0.15747	-0.035029	-0.24431
0.15771	-0.21415	-0.32101
0.15796	0.060939	-0.39094
0.1582	-0.15212	-0.45203
0.15845	0.10671	-0.57602
0.15869	-0.20113	-0.39821
0.15894	0.035843	-0.49678
0.15918	-0.27577	-0.36707
0.15942	0.027036	-0.22278
0.15967	-0.21649	-0.14741
0.15991	0.11417	-0.056143
0.16016	-0.13376	0.16757
0.1604	0.12033	0.18348
0.16064	-0.16944	0.26596
0.16089	0.027996	0.48045
0.16113	-0.21569	0.35828
0.16138	-0.00077972	0.49069
0.16162	-0.1479	0.50084
0.16187	0.049955	0.39445
0.16211	-0.072357	0.2689
0.16235	0.037818	0.32511
0.1626	-0.078361	-0.043602
0.16284	-0.024545	-0.068438
0.16309	-0.065553	-0.20416
0.16333	-0.025533	-0.44541
0.16357	0.004513	-0.50832
0.16382	-0.015165	-0.50264
0.16406	0.027414	-0.74554
0.16431	-0.084981	-0.60949
0.16455	-0.0093309	-0.53019
0.16479	-0.1489	-0.64645
0.16504	0.013079	-0.37969
0.16528	-0.12608	-0.19254
0.16553	0.08972	-0.19746
0.16577	-0.10404	0.12189
0.16602	0.10021	0.35221
0.16626	-0.15215	0.27122
0.1665	0.061785	0.63724
0.16675	-0.1811	0.65728
0.16699	0.07498	0.58168
0.16724	-0.14698	0.72884
0.16748	0.10229	0.74846
0.16772	-0.13777	0.36282
0.16797	0.062049	0.57352
0.16821	-0.16943	0.24724
0.16846	0.027937	-0.080372
0.1687	-0.14265	-0.11673
0.16895	0.057134	-0.35185
0.16919	-0.074444	-0.78608
0.16943	0.066154	-0.65794
0.16968	-0.068402	-0.84429
0.16992	0.00020626	-1.0795
0.17017	-0.1075	-0.72314
0.17041	-0.047523	-0.86838
0.17065	-0.073023	-0.76453
0.1709	-0.018575	-0.40976
0.17114	-0.0071827	-0.27021
0.17139	-0.024163	-0.28688
0.17163	-0.012136	0.4096
0.17188	-0.088807	0.3076
0.17212	-0.048725	0.53685
0.17236	-0.13168	0.94137
0.17261	-0.015185	0.89137
0.17285	-0.10743	0.81977
0.1731	0.029194	1.1749
0.17334	-0.11726	0.75337
0.17358	0.0051292	0.57598
0.17383	-0.17935	0.7121
0.17407	-0.032124	0.10608
0.17432	-0.19725	-0.16967
0.17456	-0.0021573	-0.14523
0.1748	-0.14502	-0.76705
0.17505	0.050946	-1.0804
0.17529	-0.1057	-0.92932
0.17554	0.053526	-1.5043
0.17578	-0.11722	-1.4814
0.17603	0.01355	-1.1976
0.17627	-0.14073	-1.3634
0.17651	-0.024643	-1.148
0.17676	-0.14374	-0.49679
0.177	-0.045015	-0.62764
0.17725	-0.1292	-0.030441
0.17749	-0.039322	0.47857
0.17773	-0.079827	0.53608
0.17798	-0.0041445	0.93466
0.17822	-0.021019	1.4905
0.17847	0.0072808	1.1676
0.17871	-0.022592	1.5133
0.17896	-0.051913	1.6398
0.1792	-0.079884	1.0809
0.17944	-0.12406	1.1071
0.17969	-0.10334	0.86748
0.17993	-0.12552	0.11403
0.18018	-0.050837	-0.11295
0.18042	-0.0768	-0.33162
0.18066	0.0023411	-1.3083
0.18091	-0.06717	-1.1701
0.18115	-0.0055628	-1.4801
0.1814	-0.10459	-1.9536
0.18164	-0.032232	-1.7555
0.18188	-0.12817	-1.5103
0.18213	-0.030467	-1.8381
0.18237	-0.1201	-1.0994
0.18262	-0.018891	-0.72919
0.18286	-0.1168	-0.66959
0.18311	-0.024651	0.18711
0.18335	-0.11956	0.65309
0.18359	-0.026541	0.73905
0.18384	-0.10041	1.4675
0.18408	-0.010138	1.7518
0.18433	-0.071822	1.5176
0.18457	-0.0073874	2.0076
0.18481	-0.073284	1.7846
0.18506	-0.042585	1.2895
0.1853	-0.098739	1.2995
0.18555	-0.079585	0.83015
0.18579	-0.10803	-0.016295
0.18604	-0.082339	-0.093943
0.18628	-0.084802	-0.8153
0.18652	-0.066608	-1.4308
0.18677	-0.060863	-1.5149
0.18701	-0.05953	-1.895
0.18726	-0.055925	-2.2872
0.1875	-0.065735	-1.7934
0.18774	-0.057548	-1.965
0.18799	-0.078276	-1.7794
0.18823	-0.06771	-1.0306
0.18848	-0.097752	-0.77613
0.18872	-0.084322	-0.41782
0.18896	-0.11599	0.52758
0.18921	-0.083614	0.80977
0.18945	-0.10661	1.1095
0.1897	-0.053147	1.9431
0.18994	-0.073689	1.8422
0.19019	-0.018718	1.9558
0.19043	-0.05775	2.1964
0.19067	-0.016344	1.8551
0.19092	-0.073604	1.3411
0.19116	-0.043968	1.3668
0.19141	-0.10416	0.49256
0.19165	-0.074123	-0.048903
0.19189	-0.1205	-0.36404
0.19214	-0.082321	-1.1081
0.19238	-0.10271	-1.6339
0.19263	-0.058262	-1.6968
0.19287	-0.059462	-2.1611
0.19312	-0.021059	-2.2586
0.19336	-0.02547	-1.9324
0.1936	-0.021486	-1.9882
0.19385	-0.04696	-1.5507
0.19409	-0.074916	-0.95048
0.19434	-0.10367	-0.63593
0.19458	-0.12379	-0.036323
0.19482	-0.12119	0.74916
0.19507	-0.10693	0.95887
0.19531	-0.070947	1.5192
0.19556	-0.043137	1.9733
0.1958	-0.018112	1.963
0.19604	-0.017851	2.0462
0.19629	-0.02817	2.1221
0.19653	-0.053643	1.6002
0.19678	-0.074236	1.3641
0.19702	-0.092862	0.97689
0.19727	-0.096112	0.26055
0.19751	-0.095465	-0.22205
0.19775	-0.078459	-0.62289
0.198	-0.070565	-1.328
0.19824	-0.049974	-1.6218
0.19849	-0.049645	-1.7938
0.19873	-0.037264	-2.1344
0.19897	-0.049783	-2.0012
0.19922	-0.044278	-1.8141
0.19946	-0.065873	-1.6409
0.19971	-0.064072	-1.2272
0.19995	-0.085116	-0.64009
0.2002	-0.08159	-0.33415
0.20044	-0.094295	0.3298
0.20068	-0.081419	0.78535
0.20093	-0.081114	1.1622
0.20117	-0.063508	1.5204
0.20142	-0.061003	1.7953
0.20166	-0.052902	1.7578
0.2019	-0.058233	1.8082
0.20215	-0.057158	1.6286
0.20239	-0.063991	1.2627
0.20264	-0.065003	0.96174
0.20288	-0.07192	0.50346
0.20312	-0.075067	0.011377
0.20337	-0.082817	-0.40687
0.20361	-0.083761	-0.80014
0.20386	-0.083212	-1.2267
0.2041	-0.074396	-1.3806
0.20435	-0.063538	-1.5889
0.20459	-0.052312	-1.6312
0.20483	-0.046423	-1.5261
0.20508	-0.044527	-1.3219
0.20532	-0.045754	-1.0967
0.20557	-0.054473	-0.66617
0.20581	-0.060724	-0.30381
0.20605	-0.070231	0.11608
0.2063	-0.072388	0.52973
0.20654	-0.076489	0.88453
0.20679	-0.074782	1.1505
0.20703	-0.077121	1.3681
0.20728	-0.074366	1.4536
0.20752	-0.070853	1.4454
0.20776	-0.066063	1.3418
0.20801	-0.057761	1.1125
0.20825	-0.058396	0.8623
0.2085	-0.051203	0.49019
0.20874	-0.061811	0.13837
0.20898	-0.062973	-0.24316
0.20923	-0.082981	-0.57089
0.20947	-0.085172	-0.90584
0.20972	-0.10145	-1.0784
0.20996	-0.090014	-1.2725
0.21021	-0.092167	-1.305
0.21045	-0.071914	-1.258
0.21069	-0.066435	-1.127
0.21094	-0.050556	-0.94242
0.21118	-0.052394	-0.63058
0.21143	-0.053588	-0.34387
0.21167	-0.06559	-0.013747
0.21191	-0.076866	0.33734
0.21216	-0.090152	0.59122
0.2124	-0.096615	0.85324
0.21265	-0.1006	1.0456
0.21289	-0.096679	1.1186
0.21313	-0.089048	1.1283
0.21338	-0.075186	1.1187
0.21362	-0.069204	0.91258
0.21387	-0.056876	0.73937
0.21411	-0.066722	0.49123
0.21436	-0.066152	0.18135
0.2146	-0.08951	-0.11415
0.21484	-0.090472	-0.36672
0.21509	-0.11124	-0.67753
0.21533	-0.10341	-0.85265
0.21558	-0.11619	-1.0007
0.21582	-0.095857	-1.1204
0.21606	-0.10178	-1.1116
0.21631	-0.076683	-1.0423
0.21655	-0.0837	-0.96372
0.2168	-0.070025	-0.76546
0.21704	-0.083525	-0.53749
0.21729	-0.081352	-0.35761
0.21753	-0.097416	-0.088601
0.21777	-0.097541	0.14004
0.21802	-0.11059	0.29789
0.21826	-0.10649	0.45643
0.21851	-0.11109	0.5878
0.21875	-0.10658	0.58351
0.21899	-0.10256	0.60778
0.21924	-0.096838	0.5455
0.21948	-0.094113	0.41227
0.21973	-0.093398	0.28784
0.21997	-0.099358	0.11476
0.22021	-0.10182	-0.11079
0.22046	-0.10857	-0.26491
0.2207	-0.10962	-0.43962
0.22095	-0.11205	-0.62121
0.22119	-0.11083	-0.69136
0.22144	-0.11243	-0.76804
0.22168	-0.10686	-0.81037
0.22192	-0.11449	-0.76831
0.22217	-0.10656	-0.71049
0.22241	-0.11267	-0.64626
0.22266	-0.10723	-0.50134
0.2229	-0.1156	-0.38572
0.22314	-0.1133	-0.26482
0.22339	-0.1196	-0.12827
0.22363	-0.11275	-0.024261
0.22388	-0.12037	0.033792
0.22412	-0.11428	0.10967
0.22437	-0.12678	0.10704
0.22461	-0.12364	0.074622
0.22485	-0.12797	0.039403
0.2251	-0.12773	-0.049094
0.22534	-0.13307	-0.1725
0.22559	-0.12635	-0.26113
0.22583	-0.12908	-0.38335
0.22607	-0.11837	-0.5066
0.22632	-0.12102	-0.57124
0.22656	-0.11066	-0.6368
0.22681	-0.11681	-0.66929
0.22705	-0.11663	-0.64832
0.22729	-0.13262	-0.60522
0.22754	-0.13466	-0.53127
0.22778	-0.15445	-0.42078
0.22803	-0.13683	-0.31859
0.22827	-0.15269	-0.18794
0.22852	-0.13535	-0.055465
0.22876	-0.1461	0.052857
0.229	-0.12368	0.15765
0.22925	-0.13816	0.25979
0.22949	-0.11256	0.3131
0.22974	-0.13763	0.33813
0.22998	-0.11674	0.34773
0.23022	-0.14964	0.31466
0.23047	-0.12854	0.24427
0.23071	-0.15865	0.16076
0.23096	-0.13715	0.065483
0.2312	-0.15348	-0.050894
0.23145	-0.12825	-0.15895
0.23169	-0.15185	-0.25252
0.23193	-0.12311	-0.31799
0.23218	-0.14213	-0.36042
0.23242	-0.12385	-0.37324
0.23267	-0.14371	-0.34003
0.23291	-0.14177	-0.2797
0.23315	-0.1599	-0.20386
0.2334	-0.15095	-0.10184
0.23364	-0.15583	0.016756
0.23389	-0.14464	0.12922
0.23413	-0.15113	0.23673
0.23438	-0.14736	0.34644
0.23462	-0.147	0.44251
0.23486	-0.15261	0.51077
0.23511	-0.14235	0.56258
0.23535	-0.14435	0.61044
0.2356	-0.14281	0.61482
0.23584	-0.13733	0.58968
0.23608	-0.14259	0.55767
0.23633	-0.14208	0.50094
0.23657	-0.13638	0.42034
0.23682	-0.12888	0.33715
0.23706	-0.13619	0.25427
0.2373	-0.1369	0.18011
0.23755	-0.1491	0.11583
0.23779	-0.13878	0.066332
0.23804	-0.14794	0.047214
0.23828	-0.13617	0.052307
0.23853	-0.14273	0.079969
0.23877	-0.13638	0.13415
0.23901	-0.13324	0.20257
0.23926	-0.12411	0.2568
0.2395	-0.12252	0.30564
0.23975	-0.10698	0.3452
0.23999	-0.11725	0.35654
0.24023	-0.12169	0.34025
0.24048	-0.13138	0.32761
0.24072	-0.13771	0.30218
0.24097	-0.1368	0.25338
0.24121	-0.13585	0.20046
0.24146	-0.1434	0.14582
0.2417	-0.15139	0.0827
0.24194	-0.15383	0.0096769
0.24219	-0.14526	-0.071948
0.24243	-0.14118	-0.14349
0.24268	-0.14145	-0.2158
0.24292	-0.13667	-0.28902
0.24316	-0.14499	-0.34075
0.24341	-0.14199	-0.36611
0.24365	-0.13023	-0.38942
0.2439	-0.1257	-0.38673
0.24414	-0.11732	-0.35335
0.24438	-0.11284	-0.31303
0.24463	-0.11957	-0.27456
0.24487	-0.12065	-0.22373
0.24512	-0.11746	-0.17681
0.24536	-0.11119	-0.15435
0.24561	-0.11488	-0.14691
0.24585	-0.12946	-0.14816
0.24609	-0.13785	-0.16315
0.24634	-0.14313	-0.19223
0.24658	-0.14353	-0.22376
0.24683	-0.12987	-0.25076
0.24707	-0.13632	-0.2792
0.24731	-0.13848	-0.3127
0.24756	-0.13945	-0.33725
0.2478	-0.13744	-0.35439
0.24805	-0.1353	-0.3797
0.24829	-0.12127	-0.40068
0.24854	-0.12146	-0.40192
0.24878	-0.11769	-0.4007
0.24902	-0.1281	-0.39307
0.24927	-0.11798	-0.36388
0.24951	-0.11177	-0.31494
0.24976	-0.10157	-0.26017
0.25	-0.10025	-0.19129
0.25024	-0.10681	-0.1117
0.25049	-0.12277	-0.026363
0.25073	-0.11483	0.054863
0.25098	-0.11308	0.12869
0.25122	-0.11299	0.19636
0.25146	-0.11835	0.25403
0.25171	-0.12699	0.29309
0.25195	-0.13219	0.32674
0.2522	-0.13309	0.36503
0.25244	-0.12203	0.39243
0.25269	-0.11751	0.42069
0.25293	-0.12005	0.45952
0.25317	-0.12523	0.49884
0.25342	-0.12779	0.53113
0.25366	-0.13475	0.56987
0.25391	-0.11373	0.60787
0.25415	-0.11246	0.64603
0.25439	-0.11462	0.68047
0.25464	-0.12289	0.71058
0.25488	-0.12196	0.74485
0.25513	-0.12026	0.77829
0.25537	-0.099011	0.80747
0.25562	-0.1006	0.84539
0.25586	-0.095164	0.89139
0.2561	-0.10437	0.92713
0.25635	-0.10029	0.96563
0.25659	-0.10024	1.0012
0.25684	-0.089054	1.0184
0.25708	-0.093283	1.0213
0.25732	-0.09448	1.0163
0.25757	-0.11813	0.99471
0.25781	-0.12318	0.96256
0.25806	-0.13577	0.91902
0.2583	-0.1274	0.87408
0.25854	-0.13859	0.83186
0.25879	-0.14411	0.78207
0.25903	-0.1623	0.72769
0.25928	-0.15164	0.68421
0.25952	-0.14464	0.62562
0.25977	-0.11386	0.55652
0.26001	-0.10828	0.49305
0.26025	-0.090265	0.41616
0.2605	-0.086215	0.33145
0.26074	-0.070291	0.25101
0.26099	-0.05511	0.16964
0.26123	-0.038852	0.082278
0.26147	-0.043505	0.012452
0.26172	-0.050035	-0.069442
0.26196	-0.071066	-0.13575
0.26221	-0.090614	-0.20602
0.26245	-0.095277	-0.28435
0.2627	-0.11158	-0.36432
0.26294	-0.13012	-0.43684
0.26318	-0.15841	-0.53245
0.26343	-0.17683	-0.62346
0.26367	-0.19286	-0.70252
0.26392	-0.18006	-0.80928
0.26416	-0.17502	-0.89586
0.2644	-0.15807	-0.98409
0.26465	-0.15372	-1.0702
0.26489	-0.12128	-1.1576
0.26514	-0.10476	-1.2124
0.26538	-0.059961	-1.2933
0.26562	-0.036945	-1.3405
0.26587	-0.0080825	-1.392
0.26611	-0.016498	-1.4419
0.26636	-0.0035047	-1.472
0.2666	-0.026793	-1.4899
0.26685	-0.019925	-1.5153
0.26709	-0.053925	-1.5058
0.26733	-0.071082	-1.4761
0.26758	-0.12927	-1.445
0.26782	-0.15768	-1.3926
0.26807	-0.201	-1.3266
0.26831	-0.207	-1.2653
0.26855	-0.23755	-1.1981
0.2688	-0.23282	-1.1295
0.26904	-0.24299	-1.0502
0.26929	-0.22036	-0.96541
0.26953	-0.19163	-0.8739
0.26978	-0.13899	-0.77277
0.27002	-0.10036	-0.6651
0.27026	-0.054119	-0.55073
0.27051	-0.013923	-0.42963
0.27075	0.0018386	-0.29485
0.271	0.0088843	-0.15206
0.27124	0.036952	-0.0013828
0.27148	0.014291	0.1541
0.27173	-0.042328	0.31353
0.27197	-0.053064	0.46926
0.27222	-0.11148	0.62312
0.27246	-0.17479	0.77455
0.27271	-0.18973	0.92288
0.27295	-0.23848	1.0674
0.27319	-0.30342	1.209
0.27344	-0.28201	1.3469
0.27368	-0.31792	1.478
0.27393	-0.30386	1.6024
0.27417	-0.24378	1.7227
0.27441	-0.21724	1.8373
0.27466	-0.18874	1.9412
0.2749	-0.090911	2.0357
0.27515	-0.086235	2.1195
0.27539	-0.017752	2.1883
0.27563	0.043663	2.2433
0.27588	0.04193	2.2878
0.27612	0.044719	2.3211
0.27637	0.069324	2.3434
0.27661	-0.014546	2.3549
0.27686	-0.014842	2.3557
0.2771	-0.050779	2.3407
0.27734	-0.14019	2.3091
0.27759	-0.17514	2.2625
0.27783	-0.20375	2.2022
0.27808	-0.30048	2.1271
0.27832	-0.26482	2.037
0.27856	-0.27285	1.9355
0.27881	-0.30365	1.8228
0.27905	-0.23583	1.6952
0.2793	-0.20534	1.556
0.27954	-0.20956	1.409
0.27979	-0.088434	1.2532
0.28003	-0.05954	1.0893
0.28027	-0.055989	0.92162
0.28052	0.03808	0.75036
0.28076	0.011577	0.5727
0.28101	-0.016582	0.39064
0.28125	0.034898	0.20344
0.28149	-0.044328	0.014475
0.28174	-0.11481	-0.17772
0.28198	-0.099011	-0.36716
0.28223	-0.23253	-0.55422
0.28247	-0.28166	-0.73749
0.28271	-0.26937	-0.91872
0.28296	-0.37018	-1.0975
0.2832	-0.38555	-1.2734
0.28345	-0.32473	-1.4458
0.28369	-0.41063	-1.6091
0.28394	-0.33433	-1.7606
0.28418	-0.25447	-1.9024
0.28442	-0.27977	-2.0333
0.28467	-0.18196	-2.1506
0.28491	-0.088469	-2.2566
0.28516	-0.14767	-2.3522
0.2854	-0.024418	-2.4296
0.28564	0.0029229	-2.4858
0.28589	-0.066821	-2.5242
0.28613	0.0089895	-2.545
0.28638	-0.017693	-2.55
0.28662	-0.14193	-2.5402
0.28687	-0.064406	-2.52
0.28711	-0.14468	-2.4846
0.28735	-0.24319	-2.4348
0.2876	-0.16395	-2.3718
0.28784	-0.24721	-2.2966
0.28809	-0.31323	-2.2103
0.28833	-0.18396	-2.1157
0.28857	-0.25418	-2.0183
0.28882	-0.24897	-1.9113
0.28906	-0.097131	-1.7954
0.28931	-0.17033	-1.6683
0.28955	-0.12787	-1.5319
0.28979	0.018042	-1.3821
0.29004	-0.074353	-1.2239
0.29028	-0.023276	-1.0593
0.29053	0.077461	-0.88833
0.29077	-0.077272	-0.71165
0.29102	-0.028653	-0.52715
0.29126	0.0055037	-0.33774
0.2915	-0.17251	-0.14811
0.29175	-0.12558	0.042186
0.29199	-0.12785	0.22554
0.29224	-0.32647	0.39824
0.29248	-0.23534	0.55926
0.29272	-0.26262	0.70973
0.29297	-0.40918	0.84359
0.29321	-0.27357	0.96546
0.29346	-0.29289	1.0716
0.2937	-0.40763	1.1582
0.29395	-0.21571	1.2298
0.29419	-0.25967	1.2848
0.29443	-0.31706	1.3244
0.29468	-0.11863	1.3558
0.29492	-0.19373	1.3829
0.29517	-0.2445	1.4052
0.29541	-0.056658	1.4243
0.29565	-0.19107	1.4415
0.2959	-0.2131	1.4533
0.29614	-0.05762	1.4627
0.29639	-0.23605	1.4714
0.29663	-0.2339	1.4774
0.29688	-0.10296	1.4827
0.29712	-0.29869	1.4862
0.29736	-0.23843	1.4799
0.29761	-0.12024	1.46
0.29785	-0.31535	1.4238
0.2981	-0.19569	1.3681
0.29834	-0.099608	1.2937
0.29858	-0.26999	1.2074
0.29883	-0.094878	1.0994
0.29907	-0.028381	0.97915
0.29932	-0.19422	0.84584
0.29956	0.01231	0.71661
0.2998	0.012974	0.5838
0.30005	-0.13754	0.46045
0.30029	0.071837	0.34711
0.30054	0.0066337	0.24945
0.30078	-0.14405	0.14946
0.30103	0.061063	0.054978
0.30127	-0.074668	-0.033608
0.30151	-0.18899	-0.12005
0.30176	0.0081936	-0.20278
0.302	-0.16963	-0.27938
0.30225	-0.24138	-0.34807
0.30249	-0.045591	-0.41781
0.30273	-0.25498	-0.47791
0.30298	-0.25491	-0.53061
0.30322	-0.073605	-0.57503
0.30347	-0.29247	-0.61475
0.30371	-0.2405	-0.62982
0.30396	-0.084648	-0.6412
0.3042	-0.31616	-0.63993
0.30444	-0.20578	-0.63825
0.30469	-0.093214	-0.63147
0.30493	-0.3296	-0.63445
0.30518	-0.17692	-0.6487
0.30542	-0.12974	-0.66775
0.30566	-0.35027	-0.69854
0.30591	-0.16919	-0.72229
0.30615	-0.16526	-0.74503
0.3064	-0.3748	-0.75003
0.30664	-0.14973	-0.73945
0.30688	-0.21351	-0.709
0.30713	-0.36352	-0.65648
0.30737	-0.12317	-0.59302
0.30762	-0.21201	-0.50531
0.30786	-0.32324	-0.41621
0.30811	-0.059512	-0.32385
0.30835	-0.19846	-0.24052
0.30859	-0.24141	-0.17373
0.30884	0.0092434	-0.11804
0.30908	-0.16161	-0.095369
0.30933	-0.15612	-0.082278
0.30957	0.061452	-0.093883
0.30981	-0.1419	-0.10439
0.31006	-0.091804	-0.10963
0.3103	0.094422	-0.10155
0.31055	-0.14308	-0.071805
0.31079	-0.041327	-0.034234
0.31104	0.07484	0.025963
0.31128	-0.1539	0.083794
0.31152	-0.026823	0.14718
0.31177	0.052112	0.20885
0.31201	-0.18268	0.25887
0.31226	-0.0044572	0.29403
0.3125	-0.00527	0.29186
0.31274	-0.2025	0.27512
0.31299	-0.0067551	0.22913
0.31323	-0.045731	0.17683
0.31348	-0.21907	0.12504
0.31372	0.0020448	0.082395
0.31396	-0.095069	0.066398
0.31421	-0.23119	0.065912
0.31445	-0.0092263	0.10039
0.3147	-0.15713	0.14628
0.31494	-0.23788	0.20619
0.31519	-0.044305	0.26213
0.31543	-0.21285	0.29918
0.31567	-0.26535	0.31521
0.31592	-0.071321	0.29233
0.31616	-0.28351	0.25259
0.31641	-0.25556	0.16914
0.31665	-0.10999	0.066539
0.31689	-0.30228	-0.056058
0.31714	-0.24383	-0.1722
0.31738	-0.11202	-0.2545
0.31763	-0.31401	-0.30852
0.31787	-0.1978	-0.30532
0.31812	-0.11768	-0.27136
0.31836	-0.29189	-0.19275
0.3186	-0.14185	-0.10094
0.31885	-0.11073	-0.0024184
0.31909	-0.25954	0.089511
0.31934	-0.089387	0.15054
