-0.2395	-0.019107	-0.0034027
-0.23926	0.65958	0.088816
-0.23901	0.7498	0.078056
-0.23877	0.82683	0.064577
-0.23853	0.88372	0.072565
-0.23828	0.91807	0.07655
-0.23804	0.92645	0.066595
-0.23779	0.90987	0.060727
-0.23755	0.87071	0.067157
-0.2373	0.80888	0.073045
-0.23706	0.72767	0.062867
-0.23682	0.63324	0.053693
-0.23657	0.53235	0.064655
-0.23633	0.43257	0.065553
-0.23608	0.33584	0.050253
-0.23584	0.24645	0.045222
-0.2356	0.17262	0.056867
-0.23535	0.11276	0.056345
-0.23511	0.06666	0.038876
-0.23486	0.031362	0.041086
-0.23462	-0.0023737	0.056194
-0.23438	-0.033546	0.048293
-0.23413	-0.059834	0.033504
-0.23389	-0.088108	0.040241
-0.23364	-0.12033	0.049012
-0.2334	-0.15358	0.040388
-0.23315	-0.18498	0.025257
-0.23291	-0.20716	0.032891
-0.23267	-0.21471	0.042388
-0.23242	-0.21001	0.026162
-0.23218	-0.18934	0.012726
-0.23193	-0.14821	0.026575
-0.23169	-0.086905	0.034388
-0.23145	-0.017328	0.016263
-0.2312	0.055456	0.0094835
-0.23096	0.1374	0.030348
-0.23071	0.20113	0.03355
-0.23047	0.24349	0.011339
-0.23022	0.27851	0.01467
-0.22998	0.2824	0.036372
-0.22974	0.25377	0.031695
-0.22949	0.22288	0.010804
-0.22925	0.17947	0.01936
-0.229	0.11884	0.040831
-0.22876	0.074057	0.029102
-0.22852	0.041524	0.0086784
-0.22827	0.010431	0.028189
-0.22803	0.010216	0.046487
-0.22778	0.038442	0.025788
-0.22754	0.063069	0.014004
-0.22729	0.094992	0.040531
-0.22705	0.14599	0.050998
-0.22681	0.17714	0.024731
-0.22656	0.18401	0.021403
-0.22632	0.1953	0.050921
-0.22607	0.16838	0.048772
-0.22583	0.11353	0.0197
-0.22559	0.078212	0.027674
-0.22534	0.027455	0.054512
-0.2251	-0.042355	0.041359
-0.22485	-0.074293	0.015627
-0.22461	-0.087591	0.034027
-0.22437	-0.099066	0.055834
-0.22412	-0.064721	0.033199
-0.22388	-0.0056694	0.01606
-0.22363	0.040927	0.043988
-0.22339	0.11046	0.054791
-0.22314	0.19945	0.026428
-0.2229	0.24629	0.021513
-0.22266	0.26802	0.051326
-0.22241	0.29656	0.049923
-0.22217	0.28065	0.021317
-0.22192	0.22151	0.028783
-0.22168	0.18684	0.055671
-0.22144	0.13164	0.043064
-0.22119	0.043465	0.020114
-0.22095	-0.0026564	0.037787
-0.2207	-0.025499	0.057208
-0.22046	-0.063345	0.037212
-0.22021	-0.057731	0.02287
-0.21997	-0.01596	0.046847
-0.21973	0.0020655	0.056631
-0.21948	0.038305	0.032359
-0.21924	0.10578	0.029052
-0.21899	0.12887	0.054759
-0.21875	0.11856	0.052368
-0.21851	0.13526	0.029635
-0.21826	0.10693	0.036955
-0.21802	0.023353	0.057653
-0.21777	-0.025434	0.046151
-0.21753	-0.075296	0.02956
-0.21729	-0.1743	0.043604
-0.21704	-0.22413	0.056855
-0.2168	-0.23981	0.039961
-0.21655	-0.29121	0.031351
-0.21631	-0.29708	0.048908
-0.21606	-0.23971	0.052808
-0.21582	-0.22402	0.035292
-0.21558	-0.2028	0.034636
-0.21533	-0.12251	0.051007
-0.21509	-0.097092	0.046549
-0.21484	-0.11285	0.031551
-0.2146	-0.073709	0.037377
-0.21436	-0.073009	0.049561
-0.21411	-0.15656	0.038155
-0.21387	-0.18259	0.028859
-0.21362	-0.20468	0.038652
-0.21338	-0.30079	0.043497
-0.21313	-0.33583	0.031288
-0.21289	-0.32128	0.028568
-0.21265	-0.38255	0.038715
-0.2124	-0.3999	0.037512
-0.21216	-0.32768	0.026962
-0.21191	-0.31973	0.029017
-0.21167	-0.30889	0.03743
-0.21143	-0.20695	0.030637
-0.21118	-0.17762	0.024773
-0.21094	-0.20901	0.029861
-0.21069	-0.14397	0.033752
-0.21045	-0.12067	0.025932
-0.21021	-0.19238	0.024137
-0.20996	-0.18573	0.02954
-0.20972	-0.1804	0.028916
-0.20947	-0.28444	0.022043
-0.20923	-0.30341	0.023885
-0.20898	-0.25794	0.028948
-0.20874	-0.32302	0.024174
-0.2085	-0.3388	0.021316
-0.20825	-0.25462	0.024367
-0.20801	-0.27039	0.026859
-0.20776	-0.27928	0.020264
-0.20752	-0.15888	0.020756
-0.20728	-0.12957	0.024122
-0.20703	-0.16866	0.023587
-0.20679	-0.092746	0.017779
-0.20654	-0.070178	0.021151
-0.2063	-0.14878	0.023666
-0.20605	-0.10912	0.019199
-0.20581	-0.07981	0.017538
-0.20557	-0.18597	0.019942
-0.20532	-0.19481	0.021507
-0.20508	-0.14686	0.0156
-0.20483	-0.2231	0.01726
-0.20459	-0.22884	0.018788
-0.20435	-0.12877	0.019667
-0.2041	-0.16787	0.013097
-0.20386	-0.19469	0.017217
-0.20361	-0.077039	0.018804
-0.20337	-0.061135	0.016545
-0.20312	-0.099624	0.012689
-0.20288	-0.0048343	0.016968
-0.20264	0.0098314	0.018515
-0.20239	-0.080686	0.013365
-0.20215	-0.033829	0.014305
-0.2019	-0.00021277	0.016179
-0.20166	-0.096446	0.017494
-0.20142	-0.083281	0.01172
-0.20117	-0.030866	0.015353
-0.20093	-0.13184	0.015371
-0.20068	-0.13472	0.016491
-0.20044	-0.031801	0.011632
-0.2002	-0.074642	0.015345
-0.19995	-0.10159	0.016874
-0.19971	0.0029062	0.014506
-0.19946	-0.013501	0.012294
-0.19922	-0.064351	0.015089
-0.19897	0.037653	0.016814
-0.19873	0.050562	0.012048
-0.19849	-0.034889	0.01404
-0.19824	0.014758	0.014125
-0.198	0.034388	0.015703
-0.19775	-0.065442	0.01194
-0.19751	-0.026797	0.014096
-0.19727	0.029267	0.014466
-0.19702	-0.064209	0.015176
-0.19678	-0.071608	0.012738
-0.19653	0.015241	0.01363
-0.19629	-0.043776	0.016401
-0.19604	-0.053244	0.014136
-0.1958	0.050611	0.01434
-0.19556	0.01891	0.014536
-0.19531	-0.032328	0.017517
-0.19507	0.054386	0.01424
-0.19482	0.054043	0.016696
-0.19458	-0.013529	0.015603
-0.19434	0.058542	0.016884
-0.19409	0.066512	0.016109
-0.19385	-0.030481	0.017471
-0.1936	0.007278	0.017839
-0.19336	0.068659	0.018154
-0.19312	-0.0088819	0.017805
-0.19287	0.01473	0.017115
-0.19263	0.085439	0.021056
-0.19238	0.024819	0.01839
-0.19214	0.017153	0.018557
-0.19189	0.11248	0.018218
-0.19165	0.080447	0.021299
-0.19141	0.04905	0.018792
-0.19116	0.12192	0.02043
-0.19092	0.095307	0.018643
-0.19067	0.037672	0.020601
-0.19043	0.11076	0.020523
-0.19019	0.12682	0.020568
-0.18994	0.053125	0.019102
-0.1897	0.096939	0.020812
-0.18945	0.12871	0.020723
-0.18921	0.069807	0.020281
-0.18896	0.10171	0.021686
-0.18872	0.16515	0.021621
-0.18848	0.10487	0.021036
-0.18823	0.10542	0.021954
-0.18799	0.15937	0.022271
-0.18774	0.11615	0.021862
-0.1875	0.10048	0.024507
-0.18726	0.16473	0.023376
-0.18701	0.133	0.02311
-0.18677	0.085067	0.024305
-0.18652	0.14148	0.025677
-0.18628	0.14712	0.02482
-0.18604	0.10468	0.026484
-0.18579	0.14902	0.023259
-0.18555	0.16811	0.0263
-0.1853	0.11426	0.0272
-0.18506	0.14019	0.027898
-0.18481	0.1731	0.025003
-0.18457	0.13413	0.027349
-0.18433	0.13909	0.025923
-0.18408	0.16769	0.02867
-0.18384	0.11949	0.027021
-0.18359	0.11007	0.027008
-0.18335	0.1525	0.026635
-0.18311	0.12785	0.028738
-0.18286	0.10397	0.028621
-0.18262	0.13956	0.027849
-0.18237	0.12916	0.026302
-0.18213	0.10098	0.026384
-0.18188	0.13641	0.028663
-0.18164	0.14434	0.027375
-0.1814	0.11213	0.028736
-0.18115	0.1226	0.026898
-0.18091	0.13015	0.028715
-0.18066	0.098793	0.026286
-0.18042	0.10618	0.027393
-0.18018	0.11715	0.023742
-0.17993	0.086168	0.027208
-0.17969	0.078553	0.025796
-0.17944	0.094803	0.025077
-0.1792	0.076177	0.023093
-0.17896	0.070187	0.02574
-0.17871	0.088699	0.022261
-0.17847	0.076801	0.021991
-0.17822	0.060164	0.020235
-0.17798	0.074888	0.015523
-0.17773	0.074152	0.014672
-0.17749	0.058346	0.016264
-0.17725	0.06622	0.011385
-0.177	0.064216	0.012497
-0.17676	0.042704	0.016212
-0.17651	0.040629	0.01107
-0.17627	0.046163	0.011618
-0.17603	0.032804	0.010882
-0.17578	0.027255	0.0038795
-0.17554	0.027959	0.0038478
-0.17529	0.021821	0.0090665
-0.17505	0.016502	0.0030669
-0.1748	0.020895	0.0053561
-0.17456	0.018696	0.0055213
-0.17432	0.016883	-0.00068072
-0.17407	0.01859	-0.0038571
-0.17383	0.013302	0.00077995
-0.17358	0.007119	-0.0067663
-0.17334	0.013472	-0.0029058
-0.1731	0.011002	0.00096033
-0.17285	-0.0020079	-0.0027083
-0.17261	-0.00062861	-0.0054839
-0.17236	0.0036173	0.002304
-0.17212	-0.006011	-0.00495
-0.17188	-0.012908	-0.0085302
-0.17163	-0.0022622	-0.0047116
-0.17139	-0.0015821	-0.013942
-0.17114	-0.014231	-0.019647
-0.1709	-0.012738	-0.016255
-0.17065	-0.00058279	-0.021355
-0.17041	-0.0070067	-0.024674
-0.17017	-0.011369	-0.011801
-0.16992	-0.0051706	-0.019574
-0.16968	-0.0027272	-0.024056
-0.16943	-0.0071237	-0.021602
-0.16919	-0.008221	-0.02772
-0.16895	-0.004822	-0.036029
-0.1687	0.0035691	-0.022284
-0.16846	-0.0035612	-0.025386
-0.16821	-0.01271	-0.030412
-0.16797	-0.0036385	-0.026048
-0.16772	0.0022385	-0.02681
-0.16748	-0.010737	-0.036977
-0.16724	-0.013383	-0.031735
-0.16699	0.0033341	-0.030154
-0.16675	0.0015421	-0.033741
-0.1665	-0.011649	-0.021895
-0.16626	-0.0036835	-0.019885
-0.16602	0.010162	-0.029277
-0.16577	0.00060126	-0.020168
-0.16553	-0.0067982	-0.012907
-0.16528	0.0018544	-0.029079
-0.16504	0.0082067	-0.024845
-0.16479	-0.0007652	-0.022254
-0.16455	-0.0066191	-0.038858
-0.16431	0.0017138	-0.039671
-0.16406	0.0081608	-0.029394
-0.16382	-0.0068885	-0.032814
-0.16357	-0.0086765	-0.022278
-0.16333	0.0081883	-0.014282
-0.16309	0.0085685	-0.02136
-0.16284	-0.0073316	-0.019914
-0.1626	-0.0033205	-0.014346
-0.16235	0.014098	-0.030447
-0.16211	0.0068848	-0.026717
-0.16187	-0.007336	-0.011139
-0.16162	0.0040121	-0.018403
-0.16138	0.01859	-0.027558
-0.16113	0.005426	-0.012807
-0.16089	-0.0040695	-0.017451
-0.16064	0.011304	-0.025632
-0.1604	0.020197	-0.011089
-0.16016	0.0025438	-0.0059155
-0.15991	-0.00081052	-0.0026212
-0.15967	0.018777	0.006596
-0.15942	0.019952	0.0016213
-0.15918	0.0013081	-0.00046287
-0.15894	0.0058927	0.016515
-0.15869	0.025059	0.0070029
-0.15845	0.018415	-0.0042804
-0.1582	0.001825	0.0064181
-0.15796	0.011649	0.0050915
-0.15771	0.027063	-0.017001
-0.15747	0.013998	-0.0057095
-0.15723	0.0023329	0.016803
-0.15698	0.017136	0.019893
-0.15674	0.027234	0.027675
-0.15649	0.010788	0.037738
-0.15625	0.0040359	0.027576
-0.15601	0.020887	0.020253
-0.15576	0.024141	0.020434
-0.15552	0.0046616	0.0095827
-0.15527	0.0035858	0.025179
-0.15503	0.021339	0.031827
-0.15479	0.017075	0.013802
-0.15454	-0.0012531	0.016752
-0.1543	0.0053268	0.039588
-0.15405	0.021037	0.028667
-0.15381	0.010473	0.026203
-0.15356	-0.004267	0.052352
-0.15332	0.0061825	0.048885
-0.15308	0.017726	0.030911
-0.15283	0.0021721	0.035416
-0.15259	-0.0086857	0.042185
-0.15234	0.0057144	0.037404
-0.1521	0.012327	0.050936
-0.15186	-0.005671	0.036944
-0.15161	-0.010383	0.022463
-0.15137	0.006406	0.028251
-0.15112	0.0073423	0.020545
-0.15088	-0.0119	0.0058091
-0.15063	-0.010514	0.048186
-0.15039	0.0070721	0.059748
-0.15015	4.797e-05	0.037636
-0.1499	-0.017216	0.045909
-0.14966	-0.0078878	0.050569
-0.14941	0.0074781	0.02054
-0.14917	-0.0045812	0.022519
-0.14893	-0.017106	0.037379
-0.14868	-0.0027803	0.019477
-0.14844	0.0087346	0.022068
-0.14819	-0.008591	0.024072
-0.14795	-0.014968	0.012433
-0.14771	0.0034759	0.028485
-0.14746	0.0071692	0.056967
-0.14722	-0.01122	0.02689
-0.14697	-0.0096576	0.035518
-0.14673	0.0097175	0.047229
-0.14648	0.0074152	0.014619
-0.14624	-0.0096199	0.00030459
-0.146	-8.9267e-05	0.042542
-0.14575	0.017527	0.025299
-0.14551	0.0066038	0.019366
-0.14526	-0.0051215	0.032569
-0.14502	0.0092542	0.010877
-0.14478	0.02096	-0.0055291
-0.14453	0.0070955	0.016027
-0.14429	0.0010854	0.0056726
-0.14404	0.019374	0.0063579
-0.1438	0.025808	0.037365
-0.14355	0.0091592	0.015808
-0.14331	0.011616	-0.0019419
-0.14307	0.029549	0.027627
-0.14282	0.026973	0.023307
-0.14258	0.013041	-0.0063707
-0.14233	0.01977	0.022134
-0.14209	0.035397	0.011743
-0.14185	0.02766	-0.015092
-0.1416	0.016064	-0.0021427
-0.14136	0.02937	0.013252
-0.14111	0.039707	-0.00024422
-0.14087	0.028197	0.033346
-0.14062	0.024958	0.028084
-0.14038	0.037628	0.0042195
-0.14014	0.04237	0.012793
-0.13989	0.030256	0.014048
-0.13965	0.029054	-0.015544
-0.1394	0.043204	0.011102
-0.13916	0.042099	0.024799
-0.13892	0.031853	-0.002825
-0.13867	0.03755	0.0031667
-0.13843	0.047473	0.021109
-0.13818	0.045012	-0.0030941
-0.13794	0.037602	0.0024399
-0.1377	0.042902	0.015484
-0.13745	0.052866	-0.0031371
-0.13721	0.046017	0.0010477
-0.13696	0.041604	0.011883
-0.13672	0.051057	-0.002569
-0.13647	0.055056	0.012586
-0.13623	0.050544	0.036826
-0.13599	0.049332	0.010341
-0.13574	0.057124	0.010487
-0.1355	0.062591	0.017682
-0.13525	0.05645	-0.00035837
-0.13501	0.05806	-0.0089883
-0.13477	0.067463	0.020315
-0.13452	0.067684	0.01533
-0.13428	0.064686	0.020886
-0.13403	0.066684	0.03321
-0.13379	0.075555	0.029977
-0.13354	0.077656	0.020502
-0.1333	0.072556	0.033065
-0.13306	0.079578	0.013033
-0.13281	0.086508	0.015337
-0.13257	0.082029	0.027216
-0.13232	0.081945	0.021846
-0.13208	0.087433	0.017892
-0.13184	0.091571	0.044733
-0.13159	0.090103	0.041554
-0.13135	0.088987	0.030876
-0.1311	0.097055	0.036665
-0.13086	0.099712	0.027251
-0.13062	0.097421	0.019907
-0.13037	0.09996	0.025328
-0.13013	0.10156	0.029252
-0.12988	0.10253	0.03261
-0.12964	0.10032	0.051025
-0.12939	0.099445	0.040477
-0.12915	0.10528	0.040444
-0.12891	0.10378	0.037486
-0.12866	0.10051	0.035756
-0.12842	0.10359	0.016647
-0.12817	0.10449	0.03251
-0.12793	0.10487	0.029849
-0.12769	0.104	0.034906
-0.12744	0.1048	0.039388
-0.1272	0.10857	0.048764
-0.12695	0.105	0.041835
-0.12671	0.10243	0.042148
-0.12646	0.103	0.032343
-0.12622	0.099935	0.027622
-0.12598	0.10002	0.028946
-0.12573	0.099186	0.03309
-0.12549	0.098058	0.033711
-0.12524	0.098527	0.045761
-0.125	0.09477	0.053046
-0.12476	0.092978	0.041585
-0.12451	0.093709	0.049409
-0.12427	0.093662	0.0372
-0.12402	0.094992	0.040902
-0.12378	0.09181	0.032958
-0.12354	0.089942	0.04183
-0.12329	0.089438	0.042353
-0.12305	0.082193	0.051486
-0.1228	0.080181	0.048013
-0.12256	0.082445	0.057133
-0.12231	0.079468	0.04447
-0.12207	0.076681	0.048038
-0.12183	0.07649	0.034053
-0.12158	0.075142	0.033949
-0.12134	0.070512	0.030987
-0.12109	0.068977	0.036029
-0.12085	0.074525	0.03426
-0.12061	0.073015	0.038994
-0.12036	0.068979	0.037499
-0.12012	0.069913	0.025199
-0.11987	0.063481	0.025601
-0.11963	0.056406	0.016777
-0.11938	0.057857	0.015698
-0.11914	0.058942	0.014563
-0.1189	0.057059	0.018303
-0.11865	0.057422	0.018685
-0.11841	0.057793	0.024401
-0.11816	0.052129	0.019377
-0.11792	0.048027	0.028348
-0.11768	0.053525	0.015038
-0.11743	0.055344	0.028201
-0.11719	0.053548	0.016412
-0.11694	0.056688	0.021253
-0.1167	0.05246	0.027451
-0.11646	0.042975	0.027271
-0.11621	0.040803	0.031954
-0.11597	0.041499	0.038409
-0.11572	0.042813	0.032429
-0.11548	0.048009	0.037234
-0.11523	0.052309	0.030895
-0.11499	0.047977	0.03172
-0.11475	0.043143	0.025465
-0.1145	0.045433	0.030338
-0.11426	0.045101	0.027503
-0.11401	0.046076	0.022385
-0.11377	0.053265	0.027377
-0.11353	0.052247	0.014629
-0.11328	0.043508	0.01799
-0.11304	0.039134	0.0048298
-0.11279	0.035438	0.0039091
-0.11255	0.0324	-0.0022321
-0.1123	0.039643	-0.0094612
-0.11206	0.051074	-0.0030127
-0.11182	0.054384	-0.014276
-0.11157	0.052746	-0.0085561
-0.11133	0.053899	-0.0033153
-0.11108	0.047937	-0.020647
-0.11084	0.042006	0.0017896
-0.1106	0.047664	-0.01549
-0.11035	0.049693	-0.0078647
-0.11011	0.044466	0.0013652
-0.10986	0.039051	-0.0077235
-0.10962	0.030133	0.010223
-0.10938	0.018216	0.0029276
-0.10913	0.018252	0.012129
-0.10889	0.029451	0.018455
-0.10864	0.036671	0.012239
-0.1084	0.042024	0.028408
-0.10815	0.046887	0.020301
-0.10791	0.037899	0.028911
-0.10767	0.025172	0.026886
-0.10742	0.026614	0.031036
-0.10718	0.029749	0.030725
-0.10693	0.028906	0.032189
-0.10669	0.030262	0.038948
-0.10645	0.023883	0.022874
-0.1062	0.0077467	0.045519
-0.10596	-0.0019145	0.024202
-0.10571	0.0017947	0.028959
-0.10547	0.0078127	0.036555
-0.10522	0.015454	0.01098
-0.10498	0.027835	0.0379
-0.10474	0.022759	0.012473
-0.10449	0.007539	0.018264
-0.10425	0.0038839	0.029289
-0.104	0.0056656	0.0022852
-0.10376	0.0081953	0.036739
-0.10352	0.019736	0.006536
-0.10327	0.025024	0.024339
-0.10303	0.01286	0.033076
-0.10278	-0.0055504	0.0084817
-0.10254	-0.014011	0.045375
-0.10229	-0.020443	0.021587
-0.10205	-0.021781	0.036959
-0.10181	-0.0077564	0.044275
-0.10156	-0.0098778	0.033244
-0.10132	-0.029421	0.055217
-0.10107	-0.040052	0.043541
-0.10083	-0.042163	0.057575
-0.10059	-0.039793	0.056427
-0.10034	-0.018396	0.061361
-0.1001	0.0039597	0.065237
-0.099854	0.0091761	0.066393
-0.099609	-0.0052347	0.078453
-0.099365	-0.014281	0.066268
-0.099121	-0.028982	0.093814
-0.098877	-0.042285	0.07102
-0.098633	-0.039923	0.08534
-0.098389	-0.04688	0.095892
-0.098145	-0.073996	0.064914
-0.0979	-0.091639	0.10724
-0.097656	-0.10312	0.067679
-0.097412	-0.10658	0.082704
-0.097168	-0.087147	0.094182
-0.096924	-0.053271	0.056079
-0.09668	-0.020899	0.10073
-0.096436	-0.0062213	0.062033
-0.096191	0.011813	0.075041
-0.095947	0.010284	0.077826
-0.095703	-0.0095401	0.048742
-0.095459	-0.029954	0.080937
-0.095215	-0.058968	0.046763
-0.094971	-0.10676	0.064149
-0.094727	-0.1374	0.054722
-0.094482	-0.16318	0.041688
-0.094238	-0.17801	0.0571
-0.093994	-0.17462	0.027333
-0.09375	-0.13985	0.043917
-0.093506	-0.087828	0.021744
-0.093262	-0.030556	0.024685
-0.093018	0.03913	0.024702
-0.092773	0.081817	0.0034629
-0.092529	0.079905	0.02542
-0.092285	0.046663	0.0018987
-0.092041	-0.01611	0.014451
-0.091797	-0.10354	0.0045865
-0.091553	-0.16822	0.0027733
-0.091309	-0.22524	0.018861
-0.091064	-0.25704	-0.0016355
-0.09082	-0.26723	0.023667
-0.090576	-0.23241	0.0039691
-0.090332	-0.16633	0.015993
-0.090088	-0.070977	0.02434
-0.089844	0.045403	0.0086373
-0.0896	0.14041	0.035943
-0.089355	0.1754	0.0096953
-0.089111	0.15335	0.033496
-0.088867	0.07242	0.028376
-0.088623	-0.049566	0.014335
-0.088379	-0.16192	0.043853
-0.088135	-0.26113	0.01465
-0.087891	-0.32221	0.034382
-0.087646	-0.34721	0.017881
-0.087402	-0.30379	0.010183
-0.087158	-0.21953	0.026984
-0.086914	-0.09375	-0.0077471
-0.08667	0.056269	0.012553
-0.086426	0.1874	-0.012237
-0.086182	0.24628	-0.018617
-0.085938	0.24715	-0.014059
-0.085693	0.16621	-0.051186
-0.085449	0.034445	-0.041237
-0.085205	-0.10454	-0.077426
-0.084961	-0.23517	-0.088764
-0.084717	-0.32636	-0.096686
-0.084473	-0.36525	-0.13346
-0.084229	-0.32237	-0.12697
-0.083984	-0.2294	-0.1527
-0.08374	-0.085036	-0.16424
-0.083496	0.073315	-0.17142
-0.083252	0.21132	-0.18002
-0.083008	0.2755	-0.1704
-0.082764	0.28401	-0.17888
-0.08252	0.2062	-0.16951
-0.082275	0.086476	-0.16852
-0.082031	-0.055288	-0.15825
-0.081787	-0.1856	-0.15664
-0.081543	-0.28564	-0.15525
-0.081299	-0.32767	-0.14113
-0.081055	-0.29527	-0.15359
-0.080811	-0.20676	-0.13253
-0.080566	-0.074716	-0.14029
-0.080322	0.071735	-0.14427
-0.080078	0.19393	-0.12646
-0.079834	0.24974	-0.15067
-0.07959	0.25666	-0.13654
-0.079346	0.18368	-0.15919
-0.079102	0.083371	-0.1694
-0.078857	-0.03907	-0.16456
-0.078613	-0.14482	-0.21169
-0.078369	-0.23478	-0.20834
-0.078125	-0.26413	-0.23738
-0.077881	-0.24908	-0.25948
-0.077637	-0.17458	-0.26481
-0.077393	-0.074566	-0.30274
-0.077148	0.048067	-0.29757
-0.076904	0.1356	-0.31656
-0.07666	0.18374	-0.32246
-0.076416	0.17798	-0.31013
-0.076172	0.118	-0.3194
-0.075928	0.038307	-0.29897
-0.075684	-0.052401	-0.28903
-0.075439	-0.13095	-0.26895
-0.075195	-0.1941	-0.2434
-0.074951	-0.2178	-0.2117
-0.074707	-0.21286	-0.16522
-0.074463	-0.15305	-0.1259
-0.074219	-0.084825	-0.069016
-0.073975	0.013061	-0.0096736
-0.07373	0.079604	0.065461
-0.073486	0.1215	0.1329
-0.073242	0.1157	0.21063
-0.072998	0.081458	0.30373
-0.072754	0.020455	0.38407
-0.07251	-0.035583	0.49021
-0.072266	-0.099492	0.57613
-0.072021	-0.14021	0.67405
-0.071777	-0.16911	0.78073
-0.071533	-0.15964	0.86443
-0.071289	-0.12844	0.97859
-0.071045	-0.073537	1.0631
-0.070801	-0.010381	1.16
-0.070557	0.035936	1.2604
-0.070312	0.064592	1.3239
-0.070068	0.069794	1.4138
-0.069824	0.048511	1.476
-0.06958	0.016122	1.5381
-0.069336	-0.019558	1.5944
-0.069092	-0.076084	1.6233
-0.068848	-0.1074	1.6665
-0.068604	-0.14181	1.6804
-0.068359	-0.14162	1.6851
-0.068115	-0.1245	1.6803
-0.067871	-0.085077	1.658
-0.067627	-0.04719	1.6281
-0.067383	-0.0061204	1.5806
-0.067139	0.01551	1.5193
-0.066895	0.036086	1.4375
-0.06665	0.033893	1.3506
-0.066406	0.033302	1.2455
-0.066162	0.011988	1.1272
-0.065918	-0.016784	1.0069
-0.065674	-0.045445	0.87002
-0.06543	-0.067894	0.731
-0.065186	-0.075401	0.57237
-0.064941	-0.059348	0.41075
-0.064697	-0.040755	0.24955
-0.064453	-0.012276	0.076969
-0.064209	0.0088636	-0.092713
-0.063965	0.019983	-0.27595
-0.063721	0.04058	-0.44948
-0.063477	0.041677	-0.62492
-0.063232	0.056524	-0.80431
-0.062988	0.04797	-0.96556
-0.062744	0.038178	-1.1316
-0.0625	0.013671	-1.2853
-0.062256	-0.0038863	-1.4349
-0.062012	-0.022582	-1.5838
-0.061768	-0.026287	-1.7149
-0.061523	-0.026342	-1.8493
-0.061279	-0.023045	-1.9673
-0.061035	-0.016005	-2.0799
-0.060791	-0.0094434	-2.1854
-0.060547	0.009354	-2.2693
-0.060303	0.020044	-2.3549
-0.060059	0.043217	-2.4191
-0.059814	0.050018	-2.4727
-0.05957	0.050526	-2.5041
-0.059326	0.047415	-2.5097
-0.059082	0.039166	-2.5007
-0.058838	0.037202	-2.4672
-0.058594	0.037337	-2.4189
-0.05835	0.039451	-2.341
-0.058105	0.042075	-2.2486
-0.057861	0.041772	-2.1342
-0.057617	0.046652	-1.9947
-0.057373	0.054504	-1.8454
-0.057129	0.067271	-1.6753
-0.056885	0.079364	-1.4978
-0.056641	0.089106	-1.3038
-0.056396	0.092328	-1.0893
-0.056152	0.087671	-0.86616
-0.055908	0.077866	-0.62922
-0.055664	0.062208	-0.3756
-0.05542	0.043638	-0.10601
-0.055176	0.015659	0.17344
-0.054932	-0.0049531	0.47251
-0.054688	-0.033261	0.77609
-0.054443	-0.043863	1.0953
-0.054199	-0.058437	1.4323
-0.053955	-0.059351	1.7631
-0.053711	-0.068724	2.1133
-0.053467	-0.07317	2.4528
-0.053223	-0.083449	2.7836
-0.052979	-0.090947	3.1141
-0.052734	-0.097299	3.4189
-0.05249	-0.099599	3.7203
-0.052246	-0.095559	3.9932
-0.052002	-0.09612	4.2262
-0.051758	-0.087586	4.4277
-0.051514	-0.085412	4.5733
-0.05127	-0.070527	4.6667
-0.051025	-0.060195	4.7024
-0.050781	-0.03559	4.66
-0.050537	-0.014112	4.5445
-0.050293	0.013273	4.3483
-0.050049	0.042107	4.0618
-0.049805	0.071158	3.6957
-0.049561	0.098366	3.2412
-0.049316	0.1233	2.6969
-0.049072	0.14447	2.0825
-0.048828	0.16084	1.3925
-0.048584	0.17141	0.65277
-0.04834	0.18394	-0.12674
-0.048096	0.189	-0.94751
-0.047852	0.19423	-1.7847
-0.047607	0.19367	-2.6328
-0.047363	0.18803	-3.4587
-0.047119	0.17381	-4.2626
-0.046875	0.15754	-5.0269
-0.046631	0.13519	-5.7406
-0.046387	0.11121	-6.401
-0.046143	0.084872	-6.9814
-0.045898	0.058849	-7.4825
-0.045654	0.029994	-7.8939
-0.04541	-0.0027198	-8.2103
-0.045166	-0.035291	-8.4399
-0.044922	-0.068724	-8.5722
-0.044678	-0.10528	-8.6008
-0.044434	-0.13709	-8.5401
-0.044189	-0.1656	-8.3952
-0.043945	-0.19146	-8.1825
-0.043701	-0.21099	-7.921
-0.043457	-0.22685	-7.6103
-0.043213	-0.23442	-7.2653
-0.042969	-0.24347	-6.8998
-0.042725	-0.2412	-6.5325
-0.04248	-0.23682	-6.1846
-0.042236	-0.22622	-5.8431
-0.041992	-0.20899	-5.5144
-0.041748	-0.18535	-5.193
-0.041504	-0.15632	-4.8829
-0.04126	-0.12502	-4.5861
-0.041016	-0.087665	-4.2818
-0.040771	-0.050329	-3.9572
-0.040527	-0.010706	-3.5967
-0.040283	0.032973	-3.1899
-0.040039	0.075797	-2.737
-0.039795	0.12048	-2.237
-0.039551	0.16284	-1.6734
-0.039307	0.20938	-1.0426
-0.039062	0.24553	-0.3406
-0.038818	0.28532	0.41219
-0.038574	0.31565	1.21
-0.03833	0.34175	2.0543
-0.038086	0.35993	2.9316
-0.037842	0.37327	3.8346
-0.037598	0.38017	4.7335
-0.037354	0.37889	5.603
-0.037109	0.3734	6.4268
-0.036865	0.3594	7.1841
-0.036621	0.33602	7.8572
-0.036377	0.30701	8.4233
-0.036133	0.2688	8.8387
-0.035889	0.22489	9.0762
-0.035645	0.17471	9.1184
-0.0354	0.12136	8.9519
-0.035156	0.062546	8.5601
-0.034912	-0.00091444	7.9209
-0.034668	-0.063185	7.0141
-0.034424	-0.13129	5.8493
-0.03418	-0.19658	4.4475
-0.033936	-0.26412	2.8283
-0.033691	-0.323	1.0111
-0.033447	-0.38418	-0.97349
-0.033203	-0.43389	-3.0752
-0.032959	-0.48024	-5.2221
-0.032715	-0.51652	-7.3393
-0.032471	-0.54845	-9.3599
-0.032227	-0.56796	-11.216
-0.031982	-0.57759	-12.843
-0.031738	-0.57975	-14.167
-0.031494	-0.56605	-15.113
-0.03125	-0.54553	-15.63
-0.031006	-0.50942	-15.7
-0.030762	-0.46767	-15.317
-0.030518	-0.41201	-14.482
-0.030273	-0.35261	-13.198
-0.030029	-0.28417	-11.489
-0.029785	-0.21019	-9.4134
-0.029541	-0.1354	-7.0489
-0.029297	-0.054824	-4.4798
-0.029053	0.0233	-1.7728
-0.028809	0.10435	1.0035
-0.028564	0.17615	3.7679
-0.02832	0.25011	6.4204
-0.028076	0.313	8.8636
-0.027832	0.36842	11.033
-0.027588	0.41696	12.875
-0.027344	0.44998	14.343
-0.0271	0.47719	15.38
-0.026855	0.48405	15.939
-0.026611	0.48623	15.988
-0.026367	0.46815	15.53
-0.026123	0.4423	14.588
-0.025879	0.39993	13.192
-0.025635	0.3487	11.366
-0.025391	0.28754	9.1482
-0.025146	0.21453	6.6127
-0.024902	0.14139	3.8683
-0.024658	0.053908	1.0223
-0.024414	-0.025617	-1.8246
-0.02417	-0.11471	-4.5805
-0.023926	-0.19527	-7.1374
-0.023682	-0.27689	-9.3847
-0.023438	-0.34759	-11.217
-0.023193	-0.41194	-12.559
-0.022949	-0.46986	-13.379
-0.022705	-0.51023	-13.666
-0.022461	-0.54582	-13.433
-0.022217	-0.56222	-12.699
-0.021973	-0.57231	-11.513
-0.021729	-0.56118	-9.9635
-0.021484	-0.54443	-8.1694
-0.02124	-0.51133	-6.2488
-0.020996	-0.46683	-4.3046
-0.020752	-0.41657	-2.4299
-0.020508	-0.3503	-0.71246
-0.020264	-0.28541	0.7645
-0.02002	-0.20926	1.9415
-0.019775	-0.13453	2.793
-0.019531	-0.056391	3.3262
-0.019287	0.018968	3.5628
-0.019043	0.089542	3.535
-0.018799	0.15929	3.2818
-0.018555	0.21494	2.8513
-0.018311	0.27001	2.2983
-0.018066	0.30787	1.6788
-0.017822	0.34181	1.0314
-0.017578	0.36129	0.37914
-0.017334	0.37098	-0.26741
-0.01709	0.37013	-0.90068
-0.016846	0.35879	-1.5112
-0.016602	0.33713	-2.1012
-0.016357	0.30603	-2.679
-0.016113	0.27036	-3.2517
-0.015869	0.22608	-3.8149
-0.015625	0.1803	-4.3525
-0.015381	0.13032	-4.8404
-0.015137	0.083936	-5.2559
-0.014893	0.033024	-5.5794
-0.014648	-0.010253	-5.7824
-0.014404	-0.05328	-5.8354
-0.01416	-0.090539	-5.7129
-0.013916	-0.11924	-5.4013
-0.013672	-0.14512	-4.9078
-0.013428	-0.16145	-4.2522
-0.013184	-0.17045	-3.4629
-0.012939	-0.17273	-2.5743
-0.012695	-0.16593	-1.6317
-0.012451	-0.15327	-0.68105
-0.012207	-0.13125	0.22116
-0.011963	-0.10708	1.0254
-0.011719	-0.075087	1.6992
-0.011475	-0.03944	2.2214
-0.01123	-0.0039469	2.5876
-0.010986	0.03794	2.8026
-0.010742	0.073538	2.8829
-0.010498	0.11348	2.8528
-0.010254	0.14736	2.7467
-0.01001	0.1788	2.5991
-0.0097656	0.20781	2.4422
-0.0095215	0.2294	2.3004
-0.0092773	0.24743	2.1876
-0.0090332	0.25805	2.1084
-0.0087891	0.26149	2.0553
-0.0085449	0.26064	2.0186
-0.0083008	0.25037	1.979
-0.0080566	0.23731	1.9165
-0.0078125	0.21734	1.8132
-0.0075684	0.1912	1.6521
-0.0073242	0.16646	1.4277
-0.0070801	0.13121	1.1375
-0.0068359	0.10159	0.79035
-0.0065918	0.065548	0.40363
-0.0063477	0.031689	0.0022724
-0.0061035	-0.0014661	-0.39201
-0.0058594	-0.033058	-0.75859
-0.0056152	-0.060105	-1.0762
-0.0053711	-0.086865	-1.3223
-0.005127	-0.10535	-1.4772
-0.0048828	-0.12142	-1.5353
-0.0046387	-0.13147	-1.4967
-0.0043945	-0.13276	-1.3727
-0.0041504	-0.13445	-1.1773
-0.0039062	-0.12436	-0.92626
-0.0036621	-0.11243	-0.6365
-0.003418	-0.094773	-0.32216
-0.0031738	-0.071006	-0.0039171
-0.0029297	-0.047196	0.29717
-0.0026855	-0.016865	0.5689
-0.0024414	0.011772	0.80439
-0.0021973	0.043272	1.003
-0.0019531	0.073871	1.1679
-0.001709	0.10223	1.3033
-0.0014648	0.13322	1.4131
-0.0012207	0.15849	1.4993
-0.00097656	0.18036	1.5649
-0.00073242	0.19963	1.6171
-0.00048828	0.21047	1.6587
-0.00024414	0.221	1.6815
0	0.22344	1.6849
0.00024414	0.2215	1.6611
0.00048828	0.21401	1.6037
0.00073242	0.20099	1.5075
0.00097656	0.18575	1.3709
0.0012207	0.16353	1.1959
0.0014648	0.14131	0.98226
0.001709	0.11377	0.73194
0.0019531	0.084859	0.45438
0.0021973	0.057858	0.16547
0.0024414	0.025815	-0.12589
0.0026855	-0.0011717	-0.40127
0.0029297	-0.029112	-0.6446
0.0031738	-0.054483	-0.8455
0.003418	-0.076002	-0.99739
0.0036621	-0.09815	-1.0923
0.0039062	-0.11306	-1.1222
0.0041504	-0.12718	-1.0814
0.0043945	-0.13467	-0.97451
0.0046387	-0.1383	-0.81031
0.0048828	-0.14141	-0.59769
0.005127	-0.13669	-0.35181
0.0053711	-0.1322	-0.088555
0.0056152	-0.12182	0.18137
0.0058594	-0.10959	0.44808
0.0061035	-0.097436	0.69582
0.0063477	-0.080912	0.91142
0.0065918	-0.065623	1.089
0.0068359	-0.047766	1.2246
0.0070801	-0.032026	1.3144
0.0073242	-0.017272	1.3543
0.0075684	-0.001394	1.3477
0.0078125	0.010789	1.2988
0.0080566	0.024403	1.2131
0.0083008	0.033341	1.0958
0.0085449	0.040647	0.95415
0.0087891	0.047935	0.79304
0.0090332	0.051285	0.61361
0.0092773	0.055266	0.41538
0.0095215	0.055037	0.2108
0.0097656	0.054333	0.0069108
0.01001	0.052944	-0.19261
0.010254	0.049868	-0.37655
0.010498	0.047371	-0.53901
0.010742	0.042625	-0.68247
0.010986	0.038486	-0.80224
0.01123	0.034763	-0.88817
0.011475	0.030141	-0.93982
0.011719	0.026651	-0.94436
0.011963	0.022639	-0.90357
0.012207	0.019783	-0.82585
0.012451	0.017775	-0.71117
0.012695	0.015855	-0.57034
0.012939	0.013917	-0.41839
0.013184	0.011806	-0.25075
0.013428	0.011396	-0.063388
0.013672	0.010429	0.12553
0.013916	0.010008	0.30737
0.01416	0.0088933	0.47563
0.014404	0.0074588	0.60979
0.014648	0.0072201	0.70949
0.014893	0.0062434	0.7876
0.015137	0.0051541	0.84232
0.015381	0.0033459	0.8754
0.015625	0.0010937	0.8881
0.015869	0.00026806	0.85979
0.016113	-0.0018755	0.78778
0.016357	-0.0033306	0.6968
0.016602	-0.005386	0.59662
0.016846	-0.0076123	0.4904
0.01709	-0.0080765	0.39859
0.017334	-0.0096162	0.29938
0.017578	-0.010763	0.1716
0.017822	-0.011264	0.037377
0.018066	-0.011771	-0.084682
0.018311	-0.010677	-0.18913
0.018555	-0.0097386	-0.25562
0.018799	-0.0087734	-0.29143
0.019043	-0.0070941	-0.34167
0.019287	-0.005322	-0.39534
0.019531	-0.0022427	-0.43614
0.019775	0.00033439	-0.4611
0.02002	0.0027456	-0.44621
0.020264	0.0056006	-0.38356
0.020508	0.0084378	-0.3331
0.020752	0.012252	-0.30936
0.020996	0.014952	-0.29495
0.02124	0.016973	-0.29358
0.021484	0.019464	-0.27833
0.021729	0.021963	-0.21311
0.021973	0.02451	-0.14539
0.022217	0.026046	-0.1203
0.022461	0.026821	-0.11586
0.022705	0.02728	-0.14312
0.022949	0.028109	-0.17445
0.023193	0.028635	-0.14612
0.023438	0.027707	-0.071217
0.023682	0.026923	-0.011057
0.023926	0.026287	0.030204
0.02417	0.026058	0.031732
0.024414	0.025175	-0.0082727
0.024658	0.023321	-0.0042506
0.024902	0.021772	0.070867
0.025146	0.020835	0.14149
0.025391	0.020582	0.19319
0.025635	0.018831	0.20764
0.025879	0.016935	0.13578
0.026123	0.015957	0.052886
0.026367	0.015133	0.052658
0.026611	0.014907	0.088964
0.026855	0.013685	0.12245
0.0271	0.01204	0.15135
0.027344	0.01144	0.083156
0.027588	0.012244	-0.041485
0.027832	0.012884	-0.10161
0.028076	0.011783	-0.097507
0.02832	0.011445	-0.069121
0.028564	0.011641	-0.0052291
0.028809	0.012799	-0.01025
0.029053	0.013645	-0.13235
0.029297	0.012492	-0.23709
0.029541	0.012544	-0.27391
0.029785	0.013757	-0.26991
0.030029	0.015062	-0.1934
0.030273	0.015022	-0.11204
0.030518	0.0147	-0.16734
0.030762	0.01505	-0.27456
0.031006	0.015799	-0.33798
0.03125	0.01756	-0.36219
0.031494	0.01706	-0.29959
0.031738	0.016291	-0.15068
0.031982	0.015901	-0.098171
0.032227	0.017108	-0.15667
0.032471	0.018072	-0.21636
0.032715	0.015505	-0.27155
0.032959	0.01448	-0.26219
0.033203	0.01631	-0.11116
0.033447	0.016099	0.033071
0.033691	0.015031	0.041987
0.033936	0.014392	-0.00033114
0.03418	0.013275	-0.076654
0.034424	0.013311	-0.15121
0.034668	0.014584	-0.083389
0.034912	0.012594	0.080491
0.035156	0.010471	0.1491
0.0354	0.011654	0.13862
0.035645	0.011551	0.06725
0.035889	0.010603	-0.071025
0.036133	0.011076	-0.12216
0.036377	0.008308	-0.014421
0.036621	0.006973	0.086933
0.036865	0.012032	0.11619
0.037109	0.0098665	0.092345
0.037354	0.0058128	-0.046675
0.037598	0.0096567	-0.19318
0.037842	0.010017	-0.17755
0.038086	0.007316	-0.081536
0.03833	0.010685	-0.015398
0.038574	0.009477	0.025565
0.038818	0.0056515	-0.04061
0.039062	0.011428	-0.20488
0.039307	0.011614	-0.27713
0.039551	0.0060593	-0.21457
0.039795	0.010389	-0.13195
0.040039	0.010832	-0.032718
0.040283	0.0069661	0.0029749
0.040527	0.012144	-0.10719
0.040771	0.011085	-0.22417
0.041016	0.0042942	-0.22339
0.04126	0.011709	-0.15868
0.041504	0.013293	-0.04889
0.041748	0.0044679	0.067704
0.041992	0.0098299	0.046381
0.042236	0.012303	-0.069561
0.04248	0.0048026	-0.12867
0.042725	0.010292	-0.11455
0.042969	0.012257	-0.043519
0.043213	0.0029419	0.096645
0.043457	0.0090698	0.16198
0.043701	0.012615	0.088106
0.043945	0.0032248	-0.0078141
0.044189	0.0085655	-0.058742
0.044434	0.011617	-0.04872
0.044678	0.0025651	0.052789
0.044922	0.0091029	0.16985
0.045166	0.013591	0.15861
0.04541	0.0016553	0.06742
0.045654	0.0079909	-0.021676
0.045898	0.014555	-0.079905
0.046143	0.0028889	-0.037356
0.046387	0.0086747	0.085029
0.046631	0.014343	0.14704
0.046875	0.0029502	0.098277
0.047119	0.0084838	0.0050931
0.047363	0.016153	-0.087128
0.047607	0.0035282	-0.10837
0.047852	0.0077573	-0.012235
0.048096	0.016355	0.10002
0.04834	0.0046481	0.12078
0.048584	0.010334	0.063536
0.048828	0.016913	-0.034558
0.049072	0.0040059	-0.10348
0.049316	0.010981	-0.062508
0.049561	0.020178	0.057226
0.049805	0.0046952	0.13922
0.050049	0.0096276	0.12802
0.050293	0.021601	0.048634
0.050537	0.0069038	-0.051587
0.050781	0.01157	-0.078391
0.051025	0.022412	0.0080047
0.05127	0.0081222	0.11369
0.051514	0.012296	0.15603
0.051758	0.024982	0.11134
0.052002	0.0097996	0.0085635
0.052246	0.013044	-0.066358
0.05249	0.026739	-0.042834
0.052734	0.011159	0.062374
0.052979	0.015612	0.13916
0.053223	0.029116	0.14157
0.053467	0.012379	0.0638
0.053711	0.015953	-0.03669
0.053955	0.032873	-0.06549
0.054199	0.014301	0.00092442
0.054443	0.015751	0.099114
0.054688	0.035649	0.14071
0.054932	0.016555	0.10146
0.055176	0.015896	0.0067206
0.05542	0.036668	-0.065791
0.055664	0.018302	-0.046442
0.055908	0.013757	0.039302
0.056152	0.035342	0.10568
0.056396	0.019016	0.10745
0.056641	0.014147	0.037068
0.056885	0.035695	-0.049352
0.057129	0.016673	-0.076918
0.057373	0.012758	-0.018982
0.057617	0.037012	0.061121
0.057861	0.017165	0.089361
0.058105	0.0086699	0.057379
0.05835	0.037153	-0.020897
0.058594	0.020338	-0.07485
0.058838	0.0063117	-0.054172
0.059082	0.036298	0.014074
0.059326	0.022572	0.067261
0.05957	0.0067074	0.062736
0.059814	0.034896	0.0071004
0.060059	0.025203	-0.057839
0.060303	0.0069994	-0.068488
0.060547	0.035817	-0.015694
0.060791	0.029669	0.04034
0.061035	0.0101	0.062347
0.061279	0.038427	0.0336
0.061523	0.031724	-0.025729
0.061768	0.012168	-0.055869
0.062012	0.041746	-0.030909
0.062256	0.037181	0.025323
0.0625	0.012624	0.060595
0.062744	0.043916	0.054305
0.062988	0.045493	0.0092591
0.063232	0.014936	-0.035385
0.063477	0.044129	-0.030702
0.063721	0.052369	0.011494
0.063965	0.021739	0.05207
0.064209	0.044086	0.065131
0.064453	0.057061	0.037436
0.064697	0.029208	-0.0062343
0.064941	0.048068	-0.024114
0.065186	0.060996	0.0030352
0.06543	0.034029	0.043457
0.065674	0.05302	0.06437
0.065918	0.066622	0.056604
0.066162	0.039201	0.016908
0.066406	0.056459	-0.013092
0.06665	0.076539	-0.006749
0.066895	0.046	0.025294
0.067139	0.059319	0.053696
0.067383	0.085041	0.057595
0.067627	0.055334	0.034708
0.067871	0.062163	0.00094939
0.068115	0.091312	-0.0099912
0.068359	0.06629	0.012273
0.068604	0.066332	0.04228
0.068848	0.097266	0.058243
0.069092	0.076145	0.04937
0.069336	0.072212	0.02154
0.06958	0.10229	0.002239
0.069824	0.08449	0.0061376
0.070068	0.079065	0.032052
0.070312	0.10812	0.054415
0.070557	0.092846	0.057589
0.070801	0.084869	0.03995
0.071045	0.11674	0.016391
0.071289	0.10194	0.01166
0.071533	0.088128	0.023082
0.071777	0.12301	0.046289
0.072021	0.11297	0.05966
0.072266	0.092538	0.054054
0.07251	0.12513	0.040437
0.072754	0.12368	0.028866
0.072998	0.098701	0.029549
0.073242	0.12742	0.045803
0.073486	0.1296	0.064049
0.07373	0.10406	0.066144
0.073975	0.13014	0.056508
0.074219	0.13609	0.046393
0.074463	0.10894	0.040311
0.074707	0.13248	0.042841
0.074951	0.14238	0.055565
0.075195	0.11299	0.065582
0.075439	0.13421	0.063746
0.075684	0.14643	0.054417
0.075928	0.11566	0.047574
0.076172	0.13431	0.047195
0.076416	0.15035	0.052678
0.07666	0.11697	0.064343
0.076904	0.13137	0.070994
0.077148	0.15354	0.064709
0.077393	0.11911	0.056248
0.077637	0.12799	0.052146
0.077881	0.15271	0.052788
0.078125	0.12091	0.05825
0.078369	0.12467	0.068512
0.078613	0.15008	0.07026
0.078857	0.11978	0.060423
0.079102	0.12022	0.055261
0.079346	0.14818	0.054451
0.07959	0.10716	0.056634
0.079834	0.11888	0.064595
0.080078	0.14615	0.071748
0.080322	0.10518	0.068493
0.080566	0.11159	0.061385
0.080811	0.14343	0.058528
0.081055	0.10184	0.058599
0.081299	0.10327	0.06414
0.081543	0.14128	0.0734
0.081787	0.098019	0.074737
0.082031	0.094845	0.069437
0.082275	0.13506	0.065507
0.08252	0.09544	0.063663
0.082764	0.084554	0.066843
0.083008	0.127	0.073405
0.083252	0.089973	0.078571
0.083496	0.073643	0.077779
0.08374	0.11974	0.071925
0.083984	0.083498	0.066593
0.084229	0.06182	0.068427
0.084473	0.11709	0.073874
0.084717	0.072665	0.076715
0.084961	0.043567	0.078436
0.085205	0.10167	0.076785
0.085449	0.065914	0.068855
0.085693	0.027429	0.065367
0.085938	0.089708	0.069466
0.086182	0.05936	0.072554
0.086426	0.013341	0.074078
0.08667	0.070998	0.073433
0.086914	0.052839	0.066816
0.087158	-0.0013516	0.059805
0.087402	0.053001	0.060297
0.087646	0.04737	0.062341
0.087891	-0.013156	0.061831
0.088135	0.039621	0.062758
0.088379	0.039896	0.059261
0.088623	-0.021986	0.050657
0.088867	0.022003	0.045689
0.089111	0.035721	0.046227
0.089355	-0.027908	0.049148
0.0896	0.0088007	0.049108
0.089844	0.034666	0.046492
0.090088	-0.029007	0.042226
0.090332	-0.0011524	0.038006
0.090576	0.029658	0.034957
0.09082	-0.027105	0.036109
0.091064	-0.010178	0.040563
0.091309	0.028578	0.041391
0.091553	-0.01995	0.038788
0.091797	-0.014853	0.035982
0.092041	0.029182	0.032767
0.092285	-0.013095	0.03309
0.092529	-0.01243	0.037553
0.092773	0.029374	0.039788
0.093018	-0.0011426	0.039817
0.093262	-0.0062436	0.038787
0.093506	0.033133	0.035094
0.09375	0.012008	0.030672
0.093994	0.0015679	0.033346
0.094238	0.039979	0.036639
0.094482	0.025046	0.036669
0.094727	0.015601	0.035478
0.094971	0.046065	0.032236
0.095215	0.040952	0.027205
0.095459	0.033307	0.024808
0.095703	0.054894	0.02521
0.095947	0.055392	0.024118
0.096191	0.049133	0.023266
0.096436	0.066134	0.020235
0.09668	0.066041	0.014793
0.096924	0.069187	0.0096751
0.097168	0.077896	0.0068698
0.097412	0.076375	0.0041242
0.097656	0.087662	0.0013715
0.0979	0.087017	-0.0038424
0.098145	0.080745	-0.0078095
0.098389	0.098169	-0.011031
0.098633	0.099375	-0.016164
0.098877	0.080471	-0.021403
0.099121	0.10845	-0.022935
0.099365	0.10819	-0.026144
0.099609	0.07535	-0.031417
0.099854	0.10961	-0.034267
0.1001	0.1086	-0.035266
0.10034	0.062444	-0.038441
0.10059	0.10196	-0.041691
0.10083	0.1118	-0.041339
0.10107	0.047617	-0.043612
0.10132	0.089493	-0.044925
0.10156	0.10925	-0.045539
0.10181	0.022495	-0.04479
0.10205	0.062567	-0.046046
0.10229	0.094578	-0.043731
0.10254	-0.0044712	-0.041236
0.10278	0.030868	-0.039578
0.10303	0.083824	-0.036541
0.10327	-0.032241	-0.031394
0.10352	-0.0091233	-0.027462
0.10376	0.069483	-0.022999
0.104	-0.073921	-0.017336
0.10425	-0.067931	-0.010662
0.10449	0.035954	-0.0057124
0.10474	-0.11194	0.0011748
0.10498	-0.13248	0.0074778
0.10522	0.002531	0.013625
0.10547	-0.15077	0.019684
0.10571	-0.20604	0.025915
0.10596	-0.041059	0.032765
0.1062	-0.19115	0.037826
0.10645	-0.28266	0.045781
0.10669	-0.08842	0.051092
0.10693	-0.2207	0.057724
0.10718	-0.35741	0.062829
0.10742	-0.14275	0.070049
0.10767	-0.24996	0.07331
0.10791	-0.43474	0.077547
0.10815	-0.20328	0.080675
0.1084	-0.27586	0.082379
0.10864	-0.50792	0.081156
0.10889	-0.25929	0.081163
0.10913	-0.2808	0.078642
0.10938	-0.55673	0.075292
0.10962	-0.3208	0.070483
0.10986	-0.28086	0.066389
0.11011	-0.59924	0.05962
0.11035	-0.38142	0.053033
0.1106	-0.27191	0.046132
0.11084	-0.61657	0.03714
0.11108	-0.4385	0.029064
0.11133	-0.2568	0.019589
0.11157	-0.62143	0.011377
0.11182	-0.50044	-5.9903e-05
0.11206	-0.23965	-0.0079546
0.1123	-0.60498	-0.018619
0.11255	-0.55145	-0.027383
0.11279	-0.21939	-0.037068
0.11304	-0.56598	-0.044412
0.11328	-0.59549	-0.0524
0.11353	-0.20604	-0.058341
0.11377	-0.51608	-0.064285
0.11401	-0.6349	-0.068428
0.11426	-0.19947	-0.072311
0.1145	-0.4431	-0.073223
0.11475	-0.64881	-0.075053
0.11499	-0.19251	-0.073521
0.11523	-0.36429	-0.071848
0.11548	-0.65568	-0.067188
0.11572	-0.20577	-0.062448
0.11597	-0.27894	-0.055277
0.11621	-0.64044	-0.046143
0.11646	-0.21484	-0.037817
0.1167	-0.18581	-0.027801
0.11694	-0.60922	-0.019116
0.11719	-0.24007	-0.008039
0.11743	-0.10787	-0.001149
0.11768	-0.56497	0.0094456
0.11792	-0.27282	0.017679
0.11816	-0.031464	0.027206
0.11841	-0.5013	0.034868
0.11865	-0.29997	0.045597
0.1189	0.033189	0.054175
0.11914	-0.42627	0.064373
0.11938	-0.33533	0.075015
0.11963	0.065434	0.085829
0.11987	-0.34833	0.092101
0.12012	-0.36451	0.098346
0.12036	0.090465	0.10273
0.12061	-0.26403	0.103
0.12085	-0.38633	0.099804
0.12109	0.082187	0.096866
0.12134	-0.18929	0.091804
0.12158	-0.40727	0.083378
0.12183	0.058466	0.076796
0.12207	-0.11389	0.07018
0.12231	-0.41148	0.066533
0.12256	0.020822	0.063132
0.1228	-0.053805	0.063185
0.12305	-0.40751	0.061367
0.12329	-0.034823	0.060938
0.12354	-0.0063217	0.057715
0.12378	-0.40063	0.053118
0.12402	-0.093009	0.044611
0.12427	0.022107	0.03512
0.12451	-0.3711	0.023732
0.12476	-0.1539	0.01171
0.125	0.036018	0.00017516
0.12524	-0.34646	-0.0084626
0.12549	-0.21312	-0.014013
0.12573	0.032854	-0.015183
0.12598	-0.30801	-0.012551
0.12622	-0.25647	-0.0068408
0.12646	0.018652	0.00049836
0.12671	-0.26478	0.0082948
0.12695	-0.29692	0.014315
0.1272	-0.0031927	0.017011
0.12744	-0.22334	0.016898
0.12769	-0.31702	0.012806
0.12793	-0.033104	0.0065394
0.12817	-0.18121	-0.0018204
0.12842	-0.32131	-0.0083124
0.12866	-0.065429	-0.013871
0.12891	-0.13841	-0.01453
0.12915	-0.31993	-0.012265
0.12939	-0.08787	-0.0052897
0.12964	-0.10787	0.0034018
0.12988	-0.2914	0.014053
0.13013	-0.1117	0.022676
0.13037	-0.071183	0.02877
0.13062	-0.26158	0.030265
0.13086	-0.12467	0.027499
0.1311	-0.042694	0.019805
0.13135	-0.22021	0.0095884
0.13159	-0.12573	-0.0018396
0.13184	-0.02059	-0.012222
0.13208	-0.16436	-0.019635
0.13232	-0.12871	-0.022923
0.13257	0.0085431	-0.021626
0.13281	-0.12252	-0.016483
0.13306	-0.11186	-0.0078066
0.1333	0.023101	0.00058583
0.13354	-0.061785	0.008544
0.13379	-0.095923	0.0125
0.13403	0.047663	0.013062
0.13428	-0.013632	0.0081693
0.13452	-0.078027	0.00042405
0.13477	0.064036	-0.010141
0.13501	0.02807	-0.019492
0.13525	-0.045586	-0.027481
0.1355	0.077572	-0.03175
0.13574	0.076476	-0.031947
0.13599	-0.028691	-0.027628
0.13623	0.093096	-0.020448
0.13647	0.10869	-0.011413
0.13672	-0.0021009	-0.0031017
0.13696	0.10178	0.0028318
0.13721	0.13574	0.0053057
0.13745	0.024095	0.0033046
0.1377	0.099901	-0.0026345
0.13794	0.17093	-0.010514
0.13818	0.031524	-0.0185
0.13843	0.10845	-0.025418
0.13867	0.17308	-0.029179
0.13892	0.054148	-0.029572
0.13916	0.086088	-0.025473
0.1394	0.19199	-0.018105
0.13965	0.055892	-0.008606
0.13989	0.070961	-0.00011041
0.14014	0.19251	0.0075615
0.14038	0.05091	0.011337
0.14062	0.054952	0.011599
0.14087	0.17312	0.0081779
0.14111	0.06353	0.0029719
0.14136	0.008541	-0.002752
0.1416	0.17348	-0.0072259
0.14185	0.036718	-0.010306
0.14209	-0.0046417	-0.010893
0.14233	0.12784	-0.0074349
0.14258	0.02966	-0.0014257
0.14282	-0.054532	0.0065346
0.14307	0.087669	0.014506
0.14331	0.015004	0.021147
0.14355	-0.10552	0.024901
0.1438	0.061147	0.025677
0.14404	-0.024891	0.022211
0.14429	-0.13302	0.017501
0.14453	-0.0078709	0.013113
0.14478	-0.02683	0.0092572
0.14502	-0.19629	0.0064727
0.14526	-0.049077	0.0062104
0.14551	-0.065354	0.0084079
0.14575	-0.23409	0.01305
0.146	-0.10077	0.019194
0.14624	-0.10119	0.025064
0.14648	-0.25615	0.030765
0.14673	-0.17824	0.035244
0.14697	-0.10497	0.036948
0.14722	-0.30969	0.035825
0.14746	-0.18997	0.034042
0.14771	-0.16264	0.031972
0.14795	-0.29819	0.030303
0.14819	-0.26463	0.029098
0.14844	-0.16599	0.029248
0.14868	-0.33263	0.031637
0.14893	-0.29427	0.036009
0.14917	-0.17907	0.040061
0.14941	-0.3517	0.043943
0.14966	-0.30245	0.047308
0.1499	-0.22687	0.049232
0.15015	-0.31234	0.049244
0.15039	-0.36132	0.048332
0.15063	-0.19197	0.047275
0.15088	-0.35309	0.046621
0.15112	-0.33481	0.045429
0.15137	-0.24032	0.042815
0.15161	-0.31252	0.041161
0.15186	-0.36285	0.041
0.1521	-0.23519	0.042006
0.15234	-0.29146	0.042958
0.15259	-0.36619	0.044457
0.15283	-0.20405	0.04433
0.15308	-0.29921	0.044136
0.15332	-0.3076	0.042258
0.15356	-0.24059	0.041393
0.15381	-0.2176	0.042029
0.15405	-0.33523	0.044563
0.1543	-0.18383	0.045639
0.15454	-0.2269	0.046457
0.15479	-0.27912	0.045735
0.15503	-0.18352	0.044877
0.15527	-0.18818	0.044824
0.15552	-0.22934	0.044514
0.15576	-0.17651	0.045002
0.15601	-0.10447	0.044976
0.15625	-0.23146	0.044461
0.15649	-0.089933	0.041856
0.15674	-0.12508	0.042271
0.15698	-0.12526	0.043353
0.15723	-0.12193	0.04765
0.15747	-0.030691	0.050482
0.15771	-0.12962	0.052714
0.15796	-0.057224	0.052048
0.1582	-0.012885	0.051836
0.15845	-0.079071	0.048733
0.15869	-0.0089318	0.045842
0.15894	0.0026429	0.043997
0.15918	0.017281	0.042594
0.15942	-0.02484	0.041369
0.15967	0.11263	0.039953
0.15991	-0.010876	0.040001
0.16016	0.083922	0.04044
0.1604	0.066804	0.044907
0.16064	0.094988	0.046003
0.16089	0.052975	0.049016
0.16113	0.14502	0.049146
0.16138	0.104	0.049263
0.16162	0.10182	0.044897
0.16187	0.17857	0.043295
0.16211	0.12112	0.039263
0.16235	0.16985	0.037789
0.1626	0.15724	0.037562
0.16284	0.22013	0.036863
0.16309	0.13016	0.038765
0.16333	0.24978	0.041026
0.16357	0.17073	0.043716
0.16382	0.21725	0.042817
0.16406	0.20567	0.046452
0.16431	0.24106	0.043767
0.16455	0.2032	0.04471
0.16479	0.24063	0.041503
0.16504	0.26081	0.039897
0.16528	0.208	0.035859
0.16553	0.28131	0.037158
0.16577	0.23014	0.03475
0.16602	0.27127	0.035919
0.16626	0.2204	0.039364
0.1665	0.30914	0.040337
0.16675	0.22019	0.043209
0.16699	0.28941	0.04365
0.16724	0.26567	0.044842
0.16748	0.27751	0.042222
0.16772	0.26325	0.045514
0.16797	0.29256	0.040569
0.16821	0.28896	0.042774
0.16846	0.25909	0.040792
0.1687	0.32097	0.042002
0.16895	0.25254	0.039803
0.16919	0.3023	0.043477
0.16943	0.26301	0.042324
0.16968	0.31279	0.043771
0.16992	0.24084	0.045198
0.17017	0.31863	0.04258
0.17041	0.26709	0.043565
0.17065	0.29005	0.041187
0.1709	0.28665	0.041268
0.17114	0.29636	0.036761
0.17139	0.27049	0.040628
0.17163	0.2759	0.035299
0.17188	0.3022	0.039114
0.17212	0.2334	0.036636
0.17236	0.28444	0.038769
0.17261	0.24702	0.036892
0.17285	0.26171	0.039619
0.1731	0.22139	0.036794
0.17334	0.27936	0.036777
0.17358	0.212	0.037759
0.17383	0.25179	0.034337
0.17407	0.24442	0.036801
0.17432	0.22959	0.034407
0.17456	0.21943	0.036448
0.1748	0.23737	0.033024
0.17505	0.21769	0.038453
0.17529	0.18808	0.032861
0.17554	0.2273	0.037696
0.17578	0.17639	0.034975
0.17603	0.19327	0.036169
0.17627	0.18545	0.03385
0.17651	0.1912	0.035969
0.17676	0.15347	0.032826
0.177	0.19935	0.033025
0.17725	0.17127	0.035049
0.17749	0.16255	0.031104
0.17773	0.17322	0.034214
0.17798	0.1642	0.031717
0.17822	0.14537	0.033014
0.17847	0.14913	0.02884
0.17871	0.15048	0.034495
0.17896	0.11099	0.027611
0.1792	0.13924	0.031606
0.17944	0.12345	0.028786
0.17969	0.11379	0.029198
0.17993	0.11094	0.026365
0.18018	0.13001	0.029113
0.18042	0.10149	0.026211
0.18066	0.11743	0.026293
0.18091	0.11604	0.02924
0.18115	0.095287	0.025124
0.1814	0.098175	0.027103
0.18164	0.098327	0.025522
0.18188	0.081814	0.026628
0.18213	0.072257	0.022121
0.18237	0.089679	0.028298
0.18262	0.067577	0.022767
0.18286	0.071116	0.025684
0.18311	0.073351	0.023979
0.18335	0.068248	0.02511
0.18359	0.05935	0.021755
0.18384	0.074886	0.02609
0.18408	0.062242	0.023398
0.18433	0.056216	0.023538
0.18457	0.062649	0.025964
0.18481	0.052273	0.023916
0.18506	0.04011	0.02365
0.1853	0.040754	0.023403
0.18555	0.038306	0.024881
0.18579	0.027263	0.020945
0.18604	0.039212	0.026628
0.18628	0.037869	0.022626
0.18652	0.034583	0.025059
0.18677	0.039689	0.02305
0.18701	0.043572	0.026053
0.18726	0.032421	0.021325
0.1875	0.036353	0.026602
0.18774	0.039148	0.023776
0.18799	0.030995	0.024693
0.18823	0.03504	0.025243
0.18848	0.034161	0.025479
0.18872	0.028506	0.024252
0.18896	0.025955	0.024066
0.18921	0.031326	0.025868
0.18945	0.025929	0.022581
0.1897	0.029282	0.027491
0.18994	0.036617	0.024056
0.19019	0.038553	0.026895
0.19043	0.03626	0.02363
0.19067	0.041509	0.028027
0.19092	0.034033	0.023241
0.19116	0.032523	0.027682
0.19141	0.033799	0.025609
0.19165	0.033093	0.027318
0.19189	0.036443	0.026947
0.19214	0.044514	0.027876
0.19238	0.04904	0.027022
0.19263	0.0487	0.026543
0.19287	0.053513	0.028415
0.19312	0.053064	0.026287
0.19336	0.055954	0.029582
0.1936	0.059948	0.027049
0.19385	0.066291	0.029891
0.19409	0.066053	0.026782
0.19434	0.071243	0.030098
0.19458	0.069938	0.026755
0.19482	0.064747	0.028796
0.19507	0.063766	0.026949
0.19531	0.064803	0.028592
0.19556	0.067043	0.027408
0.1958	0.076377	0.028557
0.19604	0.07918	0.027722
0.19629	0.085015	0.027585
0.19653	0.083543	0.028124
0.19678	0.079206	0.027312
0.19702	0.074078	0.028392
0.19727	0.070204	0.026595
0.19751	0.073857	0.028329
0.19775	0.077436	0.026378
0.198	0.081118	0.02819
0.19824	0.083665	0.026112
0.19849	0.08168	0.027676
0.19873	0.078306	0.025904
0.19897	0.075651	0.028437
0.19922	0.072253	0.02645
0.19946	0.076418	0.027312
0.19971	0.082513	0.026564
0.19995	0.086278	0.026706
0.2002	0.089562	0.02666
0.20044	0.085918	0.026577
0.20068	0.079919	0.027736
0.20093	0.076543	0.026921
0.20117	0.07103	0.029094
0.20142	0.076941	0.028274
0.20166	0.080437	0.02961
0.2019	0.088411	0.028525
0.20215	0.093503	0.030261
0.20239	0.090276	0.029243
0.20264	0.09196	0.031246
0.20288	0.08902	0.030572
0.20312	0.092356	0.031399
0.20337	0.094219	0.032027
0.20361	0.096035	0.031857
0.20386	0.095084	0.032859
0.2041	0.092318	0.032595
0.20435	0.08517	0.033344
0.20459	0.080925	0.033203
0.20483	0.079411	0.034622
0.20508	0.082045	0.034771
0.20532	0.092527	0.035679
0.20557	0.095792	0.036434
0.20581	0.10052	0.037035
0.20605	0.094878	0.037217
0.2063	0.082442	0.037903
0.20654	0.073206	0.038651
0.20679	0.062661	0.038623
0.20703	0.064017	0.039781
0.20728	0.069416	0.040184
0.20752	0.076825	0.040685
0.20776	0.08453	0.041825
0.20801	0.082289	0.041395
0.20825	0.081198	0.04315
0.2085	0.075091	0.042422
0.20874	0.071832	0.043509
0.20898	0.073996	0.043847
0.20923	0.078474	0.04488
0.20947	0.084797	0.044771
0.20972	0.091486	0.045131
0.20996	0.09079	0.046869
0.21021	0.08784	0.046371
0.21045	0.084996	0.047114
0.21069	0.080078	0.046871
0.21094	0.082223	0.048398
0.21118	0.080467	0.046997
0.21143	0.08397	0.049299
0.21167	0.084178	0.048286
0.21191	0.082959	0.049165
0.21216	0.086987	0.049069
0.2124	0.087377	0.048994
0.21265	0.096245	0.05025
0.21289	0.10579	0.048325
0.21313	0.11088	0.049402
0.21338	0.11454	0.048771
0.21362	0.1121	0.049991
0.21387	0.10628	0.048865
0.21411	0.1039	0.04973
0.21436	0.10309	0.049659
0.2146	0.10986	0.049678
0.21484	0.12198	0.04925
0.21509	0.13296	0.049135
0.21533	0.143	0.048795
0.21558	0.13922	0.046936
0.21582	0.13323	0.04867
0.21606	0.12515	0.047052
0.21631	0.11778	0.047564
0.21655	0.12099	0.046357
0.2168	0.1254	0.046651
0.21704	0.13306	0.046501
0.21729	0.1381	0.044723
0.21753	0.13452	0.045231
0.21777	0.12734	0.043843
0.21802	0.11596	0.043422
0.21826	0.10682	0.042571
0.21851	0.10235	0.042947
0.21875	0.10251	0.041575
0.21899	0.10833	0.041717
0.21924	0.11561	0.040997
0.21948	0.11823	0.04174
0.21973	0.11984	0.040569
0.21997	0.11443	0.039131
0.22021	0.1099	0.040461
0.22046	0.10997	0.038517
0.2207	0.10798	0.039099
0.22095	0.11139	0.037454
0.22119	0.10968	0.037676
0.22144	0.10857	0.036704
0.22168	0.1074	0.036216
0.22192	0.1054	0.037049
0.22217	0.10753	0.035133
0.22241	0.10686	0.034424
0.22266	0.10596	0.034053
0.2229	0.1036	0.034738
0.22314	0.09695	0.032138
0.22339	0.089121	0.032465
0.22363	0.082886	0.031329
0.22388	0.077742	0.031812
0.22412	0.077063	0.030765
0.22437	0.077709	0.030266
0.22461	0.080446	0.030251
0.22485	0.082995	0.027048
0.2251	0.077303	0.030008
0.22534	0.067084	0.02757
0.22559	0.051044	0.026058
0.22583	0.039355	0.0249
0.22607	0.036256	0.024926
0.22632	0.038942	0.024301
0.22656	0.045219	0.022132
0.22681	0.047599	0.022487
0.22705	0.046064	0.021524
0.22729	0.043903	0.021769
0.22754	0.035811	0.020825
0.22778	0.024448	0.021765
0.22803	0.0086718	0.018795
0.22827	-0.0014919	0.018815
0.22852	-0.0004051	0.020415
0.22876	0.008631	0.018028
0.229	0.018455	0.016306
0.22925	0.02053	0.01579
0.22949	0.011855	0.018877
0.22974	0.001875	0.014839
0.22998	-0.0052704	0.01498
0.23022	-0.011732	0.017618
0.23047	-0.019406	0.014796
0.23071	-0.030255	0.01389
0.23096	-0.031378	0.016132
0.2312	-0.022204	0.018104
0.23145	-0.0088906	0.011103
0.23169	-0.0030592	0.012291
0.23193	-0.014701	0.017975
0.23218	-0.033759	0.014837
0.23242	-0.046951	0.0076943
0.23267	-0.049502	0.012818
0.23291	-0.045697	0.017849
0.23315	-0.04776	0.0082584
0.2334	-0.054273	0.0080146
0.23364	-0.051699	0.015018
0.23389	-0.040864	0.013578
0.23413	-0.028441	0.0053383
0.23438	-0.033588	0.012591
0.23462	-0.058601	0.018506
0.23486	-0.082836	0.0066656
0.23511	-0.087725	0.0070412
0.23535	-0.069871	0.018179
0.2356	-0.051199	0.015902
0.23584	-0.052927	0.0029905
0.23608	-0.067202	0.012812
0.23633	-0.073789	0.022462
0.23657	-0.064987	0.0088749
0.23682	-0.05378	0.005277
0.23706	-0.06647	0.019942
0.2373	-0.09672	0.01851
0.23755	-0.11541	0.0023574
0.23779	-0.10072	0.013541
0.23804	-0.063595	0.024996
0.23828	-0.043406	0.010893
0.23853	-0.060587	0.0057158
0.23877	-0.093821	0.025244
0.23901	-0.10986	0.02509
0.23926	-0.095572	0.004929
