-0.31958	-0.00097218	0.0019876
-0.31934	-0.00037118	0.03293
-0.31909	-0.0024813	0.01528
-0.31885	-0.00072779	0.020696
-0.3186	0.0010944	0.023689
-0.31836	0.0045495	0.019825
-0.31812	0.0092794	0.0064949
-0.31787	0.014714	0.022606
-0.31763	0.02304	0.020749
-0.31738	0.02884	0.0084936
-0.31714	0.033883	0.020057
-0.31689	0.037028	0.019016
-0.31665	0.038714	0.013129
-0.31641	0.040094	0.013024
-0.31616	0.037857	0.02446
-0.31592	0.036324	0.015374
-0.31567	0.035559	0.0050071
-0.31543	0.035317	0.020335
-0.31519	0.035888	0.013401
-0.31494	0.037191	0.005284
-0.3147	0.040267	0.018703
-0.31445	0.043488	0.014181
-0.31421	0.045866	0.0043185
-0.31396	0.047067	0.010703
-0.31372	0.047189	0.016446
-0.31348	0.044839	0.004774
-0.31323	0.040399	0.0099396
-0.31299	0.033967	0.014893
-0.31274	0.026356	0.0027662
-0.3125	0.020195	0.0030803
-0.31226	0.01253	0.0073249
-0.31201	0.0057858	0.011048
-0.31177	0.00074181	-0.00037463
-0.31152	-0.0026554	0.0079105
-0.31128	-0.004075	0.0062735
-0.31104	-0.0077689	-0.0026843
-0.31079	-0.0095113	0.0060667
-0.31055	-0.011575	0.0050864
-0.3103	-0.014663	0.0039337
-0.31006	-0.017408	-0.0044831
-0.30981	-0.02242	0.0025856
-0.30957	-0.02533	-0.0029552
-0.30933	-0.029081	-0.0064094
-0.30908	-0.032342	0.0051053
-0.30884	-0.034188	0.00015372
-0.30859	-0.035426	-0.0057992
-0.30835	-0.032682	-0.0018745
-0.30811	-0.029432	0.0014104
-0.30786	-0.02517	-0.0069968
-0.30762	-0.020481	0.0013667
-0.30737	-0.016232	0.0019761
-0.30713	-0.012542	-0.0056837
-0.30688	-0.010638	-0.0047995
-0.30664	-0.0094303	-0.0023486
-0.3064	-0.010099	-0.00021882
-0.30615	-0.01124	-0.0065841
-0.30591	-0.012798	-0.0064996
-0.30566	-0.012893	-0.0098961
-0.30542	-0.011733	-0.022498
-0.30518	-0.0098149	-0.013106
-0.30493	-0.0060672	-0.020137
-0.30469	-0.0027658	-0.020765
-0.30444	0.0023775	-0.022524
-0.3042	0.0066254	-0.028622
-0.30396	0.009618	-0.029495
-0.30371	0.012212	-0.03588
-0.30347	0.012782	-0.024735
-0.30322	0.014404	-0.033762
-0.30298	0.013945	-0.034493
-0.30273	0.013302	-0.038037
-0.30249	0.013416	-0.035281
-0.30225	0.013359	-0.030889
-0.302	0.015646	-0.029674
-0.30176	0.016722	-0.011426
-0.30151	0.018542	-0.03099
-0.30127	0.020824	-0.0097736
-0.30103	0.022631	-0.019787
-0.30078	0.024508	-0.0098401
-0.30054	0.023953	0.0015214
-0.30029	0.023129	-0.003942
-0.30005	0.021356	0.013368
-0.2998	0.019125	-0.0064159
-0.29956	0.016562	0.021772
-0.29932	0.013406	0.0096736
-0.29907	0.010988	0.024735
-0.29883	0.0090897	0.031
-0.29858	0.0084876	0.021951
-0.29834	0.007754	0.036836
-0.2981	0.0078673	0.018599
-0.29785	0.007797	0.048573
-0.29761	0.0076301	0.027136
-0.29736	0.007706	0.045125
-0.29712	0.0061123	0.035437
-0.29688	0.0048642	0.027654
-0.29663	0.0021066	0.0421
-0.29639	-0.0002329	0.019439
-0.29614	-0.0020525	0.050009
-0.2959	-0.005003	0.011056
-0.29565	-0.0064511	0.031338
-0.29541	-0.0084189	0.0091708
-0.29517	-0.00856	-0.00091226
-0.29492	-0.0080947	0.016971
-0.29468	-0.008055	-0.020357
-0.29443	-0.0070202	0.0052346
-0.29419	-0.0073152	-0.041676
-0.29395	-0.0066293	-0.023951
-0.2937	-0.0070347	-0.04937
-0.29346	-0.0080676	-0.057152
-0.29321	-0.008866	-0.045473
-0.29297	-0.010029	-0.090889
-0.29272	-0.0098821	-0.065445
-0.29248	-0.010437	-0.11877
-0.29224	-0.010113	-0.090603
-0.29199	-0.0093736	-0.12241
-0.29175	-0.0080823	-0.12307
-0.2915	-0.0058917	-0.1191
-0.29126	-0.0043405	-0.16743
-0.29102	-0.0022735	-0.12605
-0.29077	-0.0011911	-0.18514
-0.29053	0.00032551	-0.14064
-0.29028	0.0013966	-0.17743
-0.29004	0.0018112	-0.17252
-0.28979	0.0023793	-0.16258
-0.28955	0.0021657	-0.20765
-0.28931	0.0029528	-0.14621
-0.28906	0.0033181	-0.20627
-0.28882	0.0041299	-0.15014
-0.28857	0.0050714	-0.18541
-0.28833	0.0059244	-0.17125
-0.28809	0.007979	-0.15169
-0.28784	0.0090255	-0.1838
-0.2876	0.010611	-0.11105
-0.28735	0.011133	-0.17244
-0.28711	0.011718	-0.1005
-0.28687	0.012462	-0.14044
-0.28662	0.012089	-0.10833
-0.28638	0.012464	-0.083304
-0.28613	0.011669	-0.11092
-0.28589	0.011685	-0.031022
-0.28564	0.011994	-0.10365
-0.2854	0.011975	-0.01316
-0.28516	0.013027	-0.060771
-0.28491	0.012901	-0.019958
-0.28467	0.01367	0.0054894
-0.28442	0.013932	-0.032796
-0.28418	0.013937	0.052223
-0.28394	0.014177	-0.033916
-0.28369	0.013543	0.063047
-0.28345	0.013551	0.0050983
-0.2832	0.013203	0.042912
-0.28296	0.01286	0.057987
-0.28271	0.011987	0.0073819
-0.28247	0.010911	0.088891
-0.28223	0.010351	-0.0084311
-0.28198	0.009862	0.088525
-0.28174	0.0097748	0.010026
-0.28149	0.0089977	0.046075
-0.28125	0.0089957	0.042631
-0.28101	0.008603	-0.01551
-0.28076	0.0086034	0.06483
-0.28052	0.008673	-0.051796
-0.28027	0.0077695	0.046517
-0.28003	0.0079405	-0.053472
-0.27979	0.0072126	-0.01851
-0.27954	0.0070041	-0.030168
-0.2793	0.0064724	-0.09629
-0.27905	0.0054994	-0.01575
-0.27881	0.0061002	-0.14448
-0.27856	0.0060552	-0.044896
-0.27832	0.0070525	-0.15313
-0.27808	0.0074268	-0.1175
-0.27783	0.0074507	-0.12967
-0.27759	0.0083554	-0.19556
-0.27734	0.0083186	-0.11759
-0.2771	0.0089096	-0.24911
-0.27686	0.008679	-0.14452
-0.27661	0.0086022	-0.25367
-0.27637	0.0085723	-0.20564
-0.27612	0.0080888	-0.21985
-0.27588	0.0078311	-0.27573
-0.27563	0.0072757	-0.18988
-0.27539	0.0076001	-0.31684
-0.27515	0.0077883	-0.19573
-0.2749	0.0081013	-0.30105
-0.27466	0.007922	-0.23697
-0.27441	0.0076247	-0.25114
-0.27417	0.0076471	-0.29808
-0.27393	0.0074781	-0.20112
-0.27368	0.0082965	-0.31536
-0.27344	0.0082877	-0.17805
-0.27319	0.0086666	-0.2697
-0.27295	0.008089	-0.18745
-0.27271	0.0076862	-0.17954
-0.27246	0.0074506	-0.20229
-0.27222	0.0070187	-0.084454
-0.27197	0.0078349	-0.17684
-0.27173	0.0079346	-0.019747
-0.27148	0.0085068	-0.093188
-0.27124	0.0087002	0.0065528
-0.271	0.0081447	0.032712
-0.27075	0.0084036	0.032838
-0.27051	0.0080889	0.16756
-0.27026	0.008655	0.08734
-0.27002	0.0090348	0.2568
-0.26978	0.0080817	0.18555
-0.26953	0.0081216	0.29148
-0.26929	0.0072799	0.31345
-0.26904	0.0075294	0.29932
-0.2688	0.0079392	0.42357
-0.26855	0.0078534	0.32098
-0.26831	0.0086161	0.47381
-0.26807	0.0080577	0.37608
-0.26782	0.007791	0.45459
-0.26758	0.0074155	0.44665
-0.26733	0.0071316	0.39813
-0.26709	0.0076881	0.48674
-0.26685	0.0085669	0.34644
-0.2666	0.0084214	0.45894
-0.26636	0.0083626	0.3195
-0.26611	0.0073282	0.36006
-0.26587	0.0067018	0.30342
-0.26562	0.0068994	0.21792
-0.26538	0.0063323	0.25698
-0.26514	0.0075999	0.081031
-0.26489	0.0075228	0.14713
-0.26465	0.0072343	-0.028853
-0.2644	0.0075322	-0.026429
-0.26416	0.0064781	-0.1176
-0.26392	0.0070733	-0.22908
-0.26367	0.006996	-0.22415
-0.26343	0.0066119	-0.41396
-0.26318	0.0074381	-0.37704
-0.26294	0.0056313	-0.55353
-0.2627	0.0055672	-0.5693
-0.26245	0.0054251	-0.65578
-0.26221	0.005158	-0.7655
-0.26196	0.0069448	-0.75237
-0.26172	0.0063173	-0.91967
-0.26147	0.0067351	-0.86773
-0.26123	0.0062315	-1.0064
-0.26099	0.0049228	-0.99377
-0.26074	0.0053118	-1.0321
-0.2605	0.0051233	-1.0977
-0.26025	0.0056365	-1.0302
-0.26001	0.0070499	-1.138
-0.25977	0.006065	-1.024
-0.25952	0.0060935	-1.0927
-0.25928	0.0054693	-1.0116
-0.25903	0.0045091	-0.97354
-0.25879	0.005828	-0.96626
-0.25854	0.0053025	-0.8189
-0.2583	0.0066071	-0.85143
-0.25806	0.0070448	-0.65822
-0.25781	0.0058678	-0.65816
-0.25757	0.0066475	-0.50006
-0.25732	0.0062346	-0.40522
-0.25708	0.0065233	-0.32736
-0.25684	0.0076167	-0.1352
-0.25659	0.0064377	-0.11101
-0.25635	0.0072668	0.11687
-0.2561	0.0060871	0.15182
-0.25586	0.0052885	0.33747
-0.25562	0.0070359	0.43744
-0.25537	0.0068441	0.53484
-0.25513	0.0089996	0.7056
-0.25488	0.0090854	0.73158
-0.25464	0.0085286	0.91572
-0.25439	0.008482	0.93083
-0.25415	0.0072001	1.0611
-0.25391	0.0076347	1.1146
-0.25366	0.0085982	1.1498
-0.25342	0.0088828	1.2444
-0.25317	0.010209	1.2017
-0.25293	0.0096397	1.2876
-0.25269	0.009281	1.225
-0.25244	0.0097441	1.2414
-0.2522	0.0092123	1.2042
-0.25195	0.010763	1.124
-0.25171	0.010768	1.115
-0.25146	0.011378	0.95962
-0.25122	0.011365	0.93791
-0.25098	0.010319	0.76806
-0.25073	0.010841	0.67495
-0.25049	0.010913	0.53836
-0.25024	0.011091	0.35548
-0.25	0.011609	0.25601
-0.24976	0.010769	0.010398
-0.24951	0.010555	-0.085136
-0.24927	0.0097819	-0.33106
-0.24902	0.009415	-0.47283
-0.24878	0.011619	-0.66611
-0.24854	0.011597	-0.87237
-0.24829	0.013284	-1.0027
-0.24805	0.012827	-1.2468
-0.2478	0.012269	-1.3418
-0.24756	0.012161	-1.5749
-0.24731	0.010314	-1.677
-0.24707	0.011492	-1.8402
-0.24683	0.01204	-1.972
-0.24658	0.012271	-2.0529
-0.24634	0.013275	-2.1911
-0.24609	0.012176	-2.213
-0.24585	0.012724	-2.3181
-0.24561	0.01336	-2.3131
-0.24536	0.012129	-2.3464
-0.24512	0.013958	-2.3395
-0.24487	0.012691	-2.2947
-0.24463	0.01246	-2.2735
-0.24438	0.012124	-2.1739
-0.24414	0.010378	-2.1088
-0.2439	0.012798	-1.9819
-0.24365	0.013014	-1.8507
-0.24341	0.013576	-1.7199
-0.24316	0.015193	-1.5259
-0.24292	0.013709	-1.3869
-0.24268	0.014062	-1.1639
-0.24243	0.012637	-0.97925
-0.24219	0.012355	-0.75041
-0.24194	0.018607	-0.51166
-0.2417	0.017336	-0.30629
-0.24146	0.014728	-0.020541
-0.24121	0.020322	0.16805
-0.24097	0.018506	0.46482
-0.24072	0.021055	0.66057
-0.24048	0.015646	0.92471
-0.24023	0.024737	1.1426
-0.23999	0.022259	1.3448
-0.23975	0.020739	1.5763
-0.2395	0.022824	1.7151
-0.23926	0.027933	1.9383
-0.23901	0.023087	2.0363
-0.23877	0.024941	2.1983
-0.23853	0.028672	2.2631
-0.23828	0.025476	2.3433
-0.23804	0.024276	2.3878
-0.23779	0.025098	2.3784
-0.23755	0.031195	2.3876
-0.2373	0.020176	2.3086
-0.23706	0.024476	2.2613
-0.23682	0.029084	2.1321
-0.23657	0.026976	2.0151
-0.23633	0.022625	1.8523
-0.23608	0.026833	1.6755
-0.23584	0.028115	1.4811
-0.2356	0.020481	1.2527
-0.23535	0.020217	1.0163
-0.23511	0.027883	0.76065
-0.23486	0.028628	0.48761
-0.23462	0.016715	0.21437
-0.23438	0.027317	-0.085777
-0.23413	0.024391	-0.36807
-0.23389	0.020915	-0.66628
-0.23364	0.01557	-0.96291
-0.2334	0.028801	-1.2393
-0.23315	0.024999	-1.5426
-0.23291	0.014498	-1.7878
-0.23267	0.019568	-2.0795
-0.23242	0.024734	-2.2944
-0.23218	0.018008	-2.5496
-0.23193	0.012502	-2.7397
-0.23169	0.027421	-2.9305
-0.23145	0.019658	-3.0964
-0.2312	0.012677	-3.2121
-0.23096	0.0088221	-3.3494
-0.23071	0.026299	-3.3851
-0.23047	0.011865	-3.4725
-0.23022	0.0097267	-3.4499
-0.22998	0.019927	-3.4689
-0.22974	0.018584	-3.4041
-0.22949	0.0052155	-3.3393
-0.22925	0.0064139	-3.238
-0.229	0.021763	-3.0948
-0.22876	0.0076632	-2.9602
-0.22852	0.0029642	-2.7469
-0.22827	0.008561	-2.5647
-0.22803	0.017645	-2.3074
-0.22778	-0.0049093	-2.082
-0.22754	0.0056078	-1.7993
-0.22729	0.013737	-1.5293
-0.22705	0.0071205	-1.2389
-0.22681	-0.0089951	-0.9505
-0.22656	0.0049918	-0.65073
-0.22632	0.011457	-0.34888
-0.22607	-0.0090751	-0.045867
-0.22583	-0.0036241	0.24703
-0.22559	0.0084907	0.53497
-0.22534	0.0031807	0.821
-0.2251	-0.019331	1.0816
-0.22485	0.0035398	1.3463
-0.22461	0.0046948	1.5565
-0.22437	-0.0089984	1.7932
-0.22412	-0.019725	1.963
-0.22388	0.0075017	2.1555
-0.22363	-0.0059087	2.2793
-0.22339	-0.021453	2.4113
-0.22314	-0.0049457	2.5112
-0.2229	0.0050016	2.5732
-0.22266	-0.014303	2.6302
-0.22241	-0.027301	2.6197
-0.22217	0.0031339	2.6358
-0.22192	-0.0093207	2.5697
-0.22168	-0.022912	2.5207
-0.22144	-0.018699	2.4028
-0.22119	0.0076705	2.288
-0.22095	-0.02529	2.14
-0.2207	-0.026288	1.9729
-0.22046	-0.0047793	1.7856
-0.22021	-0.0029032	1.5661
-0.21997	-0.031408	1.3492
-0.21973	-0.022702	1.0938
-0.21948	0.0047621	0.84242
-0.21924	-0.025869	0.54616
-0.21899	-0.028106	0.27633
-0.21875	-0.0087997	-0.031465
-0.21851	0.0019602	-0.31482
-0.21826	-0.039758	-0.62704
-0.21802	-0.019914	-0.91679
-0.21777	-0.0011128	-1.2064
-0.21753	-0.014274	-1.4939
-0.21729	-0.03929	-1.7593
-0.21704	-0.0061129	-2.0479
-0.2168	0.00027961	-2.2811
-0.21655	-0.037794	-2.53
-0.21631	-0.022042	-2.722
-0.21606	0.0037347	-2.9222
-0.21582	-0.0095873	-3.0711
-0.21558	-0.045518	-3.1909
-0.21533	-0.0042853	-3.2797
-0.21509	-0.0013281	-3.3414
-0.21484	-0.026268	-3.3752
-0.2146	-0.030979	-3.3671
-0.21436	0.01388	-3.3257
-0.21411	-0.012189	-3.2525
-0.21387	-0.040607	-3.1533
-0.21362	-0.0084211	-3.008
-0.21338	0.0125	-2.8345
-0.21313	-0.020852	-2.6051
-0.21289	-0.03147	-2.3874
-0.21265	0.018032	-2.1103
-0.2124	-0.0074131	-1.8376
-0.21216	-0.030074	-1.5182
-0.21191	-0.0085743	-1.2039
-0.21167	0.031518	-0.88223
-0.21143	-0.019219	-0.52059
-0.21118	-0.023577	-0.17787
-0.21094	0.013861	0.20163
-0.21069	0.014606	0.53773
-0.21045	-0.031827	0.93242
-0.21021	-9.6944e-05	1.3143
-0.20996	0.046116	1.6949
-0.20972	-0.0073344	2.0576
-0.20947	-0.020808	2.3899
-0.20923	0.026945	2.7212
-0.20898	0.047434	3.0298
-0.20874	-0.014229	3.3082
-0.2085	0.018401	3.5578
-0.20825	0.055111	3.7713
-0.20801	0.024203	3.9718
-0.20776	-0.012312	4.1241
-0.20752	0.056403	4.228
-0.20728	0.074371	4.3045
-0.20703	0.014137	4.3221
-0.20679	0.033037	4.3013
-0.20654	0.082549	4.1943
-0.2063	0.054057	4.0621
-0.20605	0.012044	3.8772
-0.20581	0.08939	3.6559
-0.20557	0.095583	3.4077
-0.20532	0.037519	3.081
-0.20508	0.033144	2.7526
-0.20483	0.11356	2.3624
-0.20459	0.081614	1.9655
-0.20435	0.042323	1.5171
-0.2041	0.095214	1.0407
-0.20386	0.12268	0.56873
-0.20361	0.054412	0.073388
-0.20337	0.049935	-0.41307
-0.20312	0.14291	-0.92083
-0.20288	0.1145	-1.4163
-0.20264	0.063836	-1.8897
-0.20239	0.096906	-2.3622
-0.20215	0.15229	-2.8128
-0.2019	0.078067	-3.2483
-0.20166	0.08153	-3.637
-0.20142	0.15861	-3.971
-0.20117	0.15114	-4.2829
-0.20093	0.07067	-4.5283
-0.20068	0.10901	-4.7362
-0.20044	0.17757	-4.8599
-0.2002	0.11839	-4.9382
-0.19995	0.10185	-4.9718
-0.19971	0.17127	-4.9309
-0.19946	0.17773	-4.8436
-0.19922	0.084125	-4.6669
-0.19897	0.1315	-4.4644
-0.19873	0.20102	-4.1914
-0.19849	0.16071	-3.8592
-0.19824	0.10654	-3.4729
-0.198	0.18313	-3.0382
-0.19775	0.19454	-2.5854
-0.19751	0.11915	-2.0838
-0.19727	0.14601	-1.549
-0.19702	0.2301	-0.99751
-0.19678	0.18842	-0.42697
-0.19653	0.11543	0.13391
-0.19629	0.19423	0.71886
-0.19604	0.22182	1.305
-0.1958	0.15972	1.8682
-0.19556	0.15543	2.4258
-0.19531	0.25201	2.9434
-0.19507	0.20412	3.4698
-0.19482	0.13816	3.9315
-0.19458	0.19851	4.3607
-0.19434	0.26106	4.7422
-0.19409	0.18791	5.0703
-0.19385	0.167	5.3733
-0.1936	0.25783	5.5893
-0.19336	0.23082	5.7711
-0.19312	0.16326	5.8765
-0.19287	0.2086	5.9428
-0.19263	0.29077	5.9441
-0.19238	0.20696	5.8574
-0.19214	0.18001	5.7357
-0.19189	0.25466	5.5385
-0.19165	0.267	5.303
-0.19141	0.18376	4.9957
-0.19116	0.22216	4.6332
-0.19092	0.2997	4.2438
-0.19067	0.23336	3.7918
-0.19043	0.18422	3.3198
-0.19019	0.26085	2.7867
-0.18994	0.29634	2.2351
-0.1897	0.20422	1.6741
-0.18945	0.231	1.0791
-0.18921	0.30186	0.48734
-0.18896	0.2629	-0.13292
-0.18872	0.19085	-0.71745
-0.18848	0.27311	-1.3051
-0.18823	0.31046	-1.8825
-0.18799	0.23098	-2.4299
-0.18774	0.22377	-2.9619
-0.1875	0.30758	-3.4301
-0.18726	0.28277	-3.8865
-0.18701	0.2058	-4.2814
-0.18677	0.27646	-4.6381
-0.18652	0.32262	-4.932
-0.18628	0.25299	-5.1619
-0.18604	0.21711	-5.352
-0.18579	0.31239	-5.468
-0.18555	0.29537	-5.5249
-0.1853	0.22729	-5.505
-0.18506	0.26526	-5.4314
-0.18481	0.33335	-5.3063
-0.18457	0.26401	-5.1098
-0.18433	0.22307	-4.8623
-0.18408	0.30878	-4.5603
-0.18384	0.31668	-4.2146
-0.18359	0.24305	-3.822
-0.18335	0.25665	-3.3882
-0.18311	0.33596	-2.9175
-0.18286	0.27445	-2.4242
-0.18262	0.23318	-1.916
-0.18237	0.29814	-1.3939
-0.18213	0.3337	-0.85358
-0.18188	0.24706	-0.32309
-0.18164	0.25252	0.19555
-0.1814	0.32577	0.7054
-0.18115	0.29397	1.2082
-0.18091	0.2347	1.6843
-0.18066	0.28843	2.1245
-0.18042	0.33499	2.5374
-0.18018	0.25159	2.905
-0.17993	0.24546	3.2359
-0.17969	0.31535	3.5297
-0.17944	0.30992	3.7574
-0.1792	0.23274	3.9499
-0.17896	0.28089	4.0896
-0.17871	0.32612	4.1882
-0.17847	0.26452	4.2269
-0.17822	0.2357	4.2149
-0.17798	0.31	4.1733
-0.17773	0.31613	4.0655
-0.17749	0.24063	3.9187
-0.17725	0.26762	3.7199
-0.177	0.31882	3.4871
-0.17676	0.27428	3.2134
-0.17651	0.22716	2.9045
-0.17627	0.29974	2.5677
-0.17603	0.31215	2.183
-0.17578	0.24972	1.803
-0.17554	0.24988	1.3912
-0.17529	0.31417	0.9641
-0.17505	0.27268	0.52359
-0.1748	0.22522	0.078957
-0.17456	0.27839	-0.36246
-0.17432	0.30743	-0.81392
-0.17407	0.2455	-1.2467
-0.17383	0.23005	-1.6711
-0.17358	0.297	-2.0776
-0.17334	0.26624	-2.4523
-0.1731	0.21663	-2.8102
-0.17285	0.24651	-3.1289
-0.17261	0.29187	-3.4145
-0.17236	0.22837	-3.655
-0.17212	0.20967	-3.8648
-0.17188	0.2645	-4.0349
-0.17163	0.25476	-4.1492
-0.17139	0.19714	-4.2257
-0.17114	0.21608	-4.2524
-0.1709	0.2657	-4.2369
-0.17065	0.21479	-4.172
-0.17041	0.1889	-4.0591
-0.17017	0.23208	-3.9092
-0.16992	0.23744	-3.7154
-0.16968	0.17402	-3.4917
-0.16943	0.18822	-3.2296
-0.16919	0.23574	-2.9402
-0.16895	0.20592	-2.6312
-0.1687	0.16712	-2.2991
-0.16846	0.20462	-1.9579
-0.16821	0.21399	-1.5957
-0.16797	0.15878	-1.2324
-0.16772	0.15971	-0.86951
-0.16748	0.20777	-0.511
-0.16724	0.1903	-0.15845
-0.16699	0.1464	0.17234
-0.16675	0.17986	0.48574
-0.1665	0.19478	0.78234
-0.16626	0.15212	1.0554
-0.16602	0.13854	1.2926
-0.16577	0.18901	1.517
-0.16553	0.17585	1.6928
-0.16528	0.13605	1.8345
-0.16504	0.15541	1.9502
-0.16479	0.17659	2.034
-0.16455	0.13646	2.0732
-0.16431	0.11504	2.0813
-0.16406	0.15945	2.0578
-0.16382	0.15474	1.99
-0.16357	0.11965	1.8891
-0.16333	0.12444	1.773
-0.16309	0.14956	1.613
-0.16284	0.11048	1.4392
-0.1626	0.086407	1.2391
-0.16235	0.11663	1.0171
-0.16211	0.12112	0.76268
-0.16187	0.086671	0.51424
-0.16162	0.087764	0.25159
-0.16138	0.11325	-0.023344
-0.16113	0.082864	-0.29487
-0.16089	0.05548	-0.56461
-0.16064	0.074369	-0.84646
-0.1604	0.085483	-1.1045
-0.16016	0.054026	-1.3556
-0.15991	0.054296	-1.5867
-0.15967	0.074287	-1.8055
-0.15942	0.052339	-1.9888
-0.15918	0.021409	-2.1717
-0.15894	0.038194	-2.3195
-0.15869	0.05367	-2.4373
-0.15845	0.03331	-2.5283
-0.1582	0.031205	-2.5865
-0.15796	0.048283	-2.6029
-0.15771	0.032121	-2.603
-0.15747	0.0023231	-2.5721
-0.15723	0.016076	-2.5124
-0.15698	0.031264	-2.422
-0.15674	0.017815	-2.3115
-0.15649	0.013812	-2.1509
-0.15625	0.033173	-1.9825
-0.15601	0.023503	-1.7918
-0.15576	-0.00020975	-1.5897
-0.15552	0.0054607	-1.374
-0.15527	0.018862	-1.1577
-0.15503	0.0095036	-0.90727
-0.15479	0.0056268	-0.66068
-0.15454	0.021445	-0.41728
-0.1543	0.014534	-0.17892
-0.15405	-0.0072219	0.052147
-0.15381	-0.0086998	0.2487
-0.15356	0.0043126	0.45222
-0.15332	-0.00081906	0.646
-0.15308	-0.0021255	0.80685
-0.15283	0.0077505	0.94638
-0.15259	0.0013856	1.0645
-0.15234	-0.021819	1.1312
-0.1521	-0.028053	1.178
-0.15186	-0.021124	1.2126
-0.15161	-0.026658	1.2139
-0.15137	-0.027442	1.1783
-0.15112	-0.018707	1.1307
-0.15088	-0.020344	1.0285
-0.15063	-0.039195	0.89683
-0.15039	-0.046275	0.75715
-0.15015	-0.045587	0.60555
-0.1499	-0.050917	0.42289
-0.14966	-0.05016	0.24388
-0.14941	-0.039598	0.048223
-0.14917	-0.039497	-0.18444
-0.14893	-0.055818	-0.41033
-0.14868	-0.062777	-0.61988
-0.14844	-0.063767	-0.83609
-0.14819	-0.06474	-1.0344
-0.14795	-0.059599	-1.2227
-0.14771	-0.047608	-1.4314
-0.14746	-0.048591	-1.6293
-0.14722	-0.061749	-1.7922
-0.14697	-0.068641	-1.9411
-0.14673	-0.069925	-2.0515
-0.14648	-0.074203	-2.1209
-0.14624	-0.072569	-2.1884
-0.146	-0.065263	-2.257
-0.14575	-0.067116	-2.2973
-0.14551	-0.080125	-2.3183
-0.14526	-0.093164	-2.2976
-0.14502	-0.10774	-2.2132
-0.14478	-0.12396	-2.1042
-0.14453	-0.13102	-1.9996
-0.14429	-0.13039	-1.8749
-0.14404	-0.1385	-1.7432
-0.1438	-0.15852	-1.5903
-0.14355	-0.17832	-1.3798
-0.14331	-0.2005	-1.1387
-0.14307	-0.22057	-0.90796
-0.14282	-0.2234	-0.68107
-0.14258	-0.21437	-0.46829
-0.14233	-0.21589	-0.26511
-0.14209	-0.22902	-0.021912
-0.14185	-0.23693	0.25927
-0.1416	-0.24096	0.51534
-0.14136	-0.23872	0.72906
-0.14111	-0.22099	0.90824
-0.14087	-0.19124	1.0436
-0.14062	-0.17049	1.1761
-0.14038	-0.15691	1.3454
-0.14014	-0.13596	1.4971
-0.13989	-0.11169	1.5945
-0.13965	-0.086717	1.646
-0.1394	-0.052516	1.6298
-0.13916	-0.007763	1.5791
-0.13892	0.029897	1.5612
-0.13867	0.061959	1.5443
-0.13843	0.097971	1.4765
-0.13818	0.13199	1.3687
-0.13794	0.15753	1.1955
-0.1377	0.18583	0.97156
-0.13745	0.22223	0.77239
-0.13721	0.25243	0.60982
-0.13696	0.27388	0.43211
-0.13672	0.29192	0.23107
-0.13647	0.29888	-0.0074165
-0.13623	0.28728	-0.2914
-0.13599	0.27329	-0.55954
-0.13574	0.26626	-0.76773
-0.1355	0.25578	-0.95303
-0.13525	0.23325	-1.1305
-0.13501	0.19892	-1.3142
-0.13477	0.14674	-1.5284
-0.13452	0.075576	-1.7371
-0.13428	0.0055156	-1.8711
-0.13403	-0.049269	-1.9546
-0.13379	-0.10042	-2.0113
-0.13354	-0.16205	-2.0479
-0.1333	-0.23282	-2.0977
-0.13306	-0.31379	-2.1537
-0.13281	-0.39961	-2.1514
-0.13257	-0.46788	-2.0872
-0.13232	-0.50518	-1.9918
-0.13208	-0.52955	-1.8731
-0.13184	-0.56022	-1.7588
-0.13159	-0.59409	-1.6706
-0.13135	-0.6184	-1.5457
-0.1311	-0.62567	-1.3658
-0.13086	-0.60588	-1.1662
-0.13062	-0.55747	-0.956
-0.13037	-0.49985	-0.74715
-0.13013	-0.44785	-0.58534
-0.12988	-0.39132	-0.42532
-0.12964	-0.31242	-0.22062
-0.12939	-0.21216	-0.0089546
-0.12915	-0.10077	0.18927
-0.12891	0.014342	0.37377
-0.12866	0.12382	0.50409
-0.12842	0.23024	0.60679
-0.12817	0.34814	0.73467
-0.12793	0.48389	0.86851
-0.12769	0.61712	0.97406
-0.12744	0.72725	1.0554
-0.1272	0.81454	1.0824
-0.12695	0.89357	1.0622
-0.12671	0.97796	1.0546
-0.12646	1.0687	1.0662
-0.12622	1.1456	1.0478
-0.12598	1.1805	0.99696
-0.12573	1.1693	0.90393
-0.12549	1.1332	0.76363
-0.12524	1.0987	0.62834
-0.125	1.0692	0.53336
-0.12476	1.0285	0.43086
-0.12451	0.94436	0.29763
-0.12427	0.80552	0.12922
-0.12402	0.63079	-0.078403
-0.12378	0.46093	-0.27938
-0.12354	0.31386	-0.41801
-0.12329	0.17453	-0.52781
-0.12305	0.014248	-0.65117
-0.1228	-0.18263	-0.80226
-0.12256	-0.39896	-0.99236
-0.12231	-0.60022	-1.1855
-0.12207	-0.75415	-1.3022
-0.12183	-0.86516	-1.3471
-0.12158	-0.9631	-1.3804
-0.12134	-1.0775	-1.4375
-0.12109	-1.1956	-1.5395
-0.12085	-1.2762	-1.6623
-0.12061	-1.2892	-1.715
-0.12036	-1.243	-1.6693
-0.12012	-1.1755	-1.5788
-0.11987	-1.1158	-1.502
-0.11963	-1.0611	-1.4855
-0.11938	-0.97115	-1.5282
-0.11914	-0.81205	-1.5283
-0.1189	-0.58903	-1.415
-0.11865	-0.36383	-1.2265
-0.11841	-0.17431	-1.0389
-0.11816	-0.011269	-0.91962
-0.11792	0.17899	-0.898
-0.11768	0.423	-0.88543
-0.11743	0.7095	-0.78251
-0.11719	0.979	-0.57764
-0.11694	1.172	-0.35209
-0.1167	1.3015	-0.20025
-0.11646	1.4299	-0.17865
-0.11621	1.6042	-0.22638
-0.11597	1.8029	-0.20861
-0.11572	1.9544	-0.070781
-0.11548	2.0094	0.12121
-0.11523	1.968	0.26402
-0.11499	1.9022	0.26825
-0.11475	1.8636	0.14817
-0.1145	1.8858	0.066515
-0.11426	1.8559	0.11607
-0.11401	1.7246	0.2621
-0.11377	1.49	0.41114
-0.11353	1.2191	0.4385
-0.11328	0.98086	0.3098
-0.11304	0.77992	0.13285
-0.11279	0.55578	0.061422
-0.11255	0.25047	0.1246
-0.1123	-0.1314	0.24147
-0.11206	-0.52696	0.27784
-0.11182	-0.86335	0.14225
-0.11157	-1.1218	-0.10336
-0.11133	-1.3534	-0.29143
-0.11108	-1.6275	-0.32729
-0.11084	-1.9879	-0.27595
-0.1106	-2.3273	-0.24281
-0.11035	-2.5624	-0.36155
-0.11011	-2.6747	-0.63833
-0.10986	-2.7224	-0.92156
-0.10962	-2.7787	-1.061
-0.10938	-2.8626	-1.0257
-0.10913	-2.9109	-0.92907
-0.10889	-2.8354	-0.92987
-0.10864	-2.6081	-1.1081
-0.1084	-2.2978	-1.3575
-0.10815	-2.005	-1.5005
-0.10791	-1.7573	-1.442
-0.10767	-1.4868	-1.2413
-0.10742	-1.1005	-1.0679
-0.10718	-0.57901	-1.0646
-0.10693	-0.00070907	-1.201
-0.10669	0.52648	-1.2945
-0.10645	0.95857	-1.1989
-0.1062	1.355	-0.90884
-0.10596	1.8112	-0.579
-0.10571	2.3525	-0.38931
-0.10547	2.8951	-0.38918
-0.10522	3.3203	-0.44063
-0.10498	3.5851	-0.35921
-0.10474	3.7504	-0.072323
-0.10449	3.9081	0.31484
-0.10425	4.0865	0.60132
-0.104	4.2201	0.66969
-0.10376	4.2066	0.59178
-0.10352	3.9994	0.56011
-0.10327	3.6562	0.70114
-0.10303	3.2826	0.98246
-0.10278	2.9301	1.225
-0.10254	2.5495	1.2597
-0.10229	2.0448	1.0837
-0.10205	1.3838	0.8561
-0.10181	0.63069	0.7517
-0.10156	-0.10622	0.81321
-0.10132	-0.76349	0.91641
-0.10107	-1.3707	0.86759
-0.10083	-2.0089	0.602
-0.10059	-2.7238	0.21208
-0.10034	-3.4567	-0.11269
-0.1001	-4.0876	-0.25762
-0.099854	-4.5425	-0.27326
-0.099609	-4.8517	-0.33657
-0.099365	-5.1048	-0.57921
-0.099121	-5.3475	-0.97469
-0.098877	-5.536	-1.3582
-0.098633	-5.5648	-1.5653
-0.098389	-5.3627	-1.5771
-0.098145	-4.9629	-1.5198
-0.0979	-4.4723	-1.5686
-0.097656	-3.9699	-1.7668
-0.097412	-3.424	-2.0038
-0.097168	-2.7411	-2.1062
-0.096924	-1.8712	-1.9794
-0.09668	-0.86544	-1.702
-0.096436	0.15345	-1.4527
-0.096191	1.0981	-1.342
-0.095947	1.9714	-1.3247
-0.095703	2.8494	-1.2516
-0.095459	3.7784	-0.9812
-0.095215	4.7051	-0.53815
-0.094971	5.5157	-0.064191
-0.094727	6.1234	0.27665
-0.094482	6.538	0.45779
-0.094238	6.8341	0.59306
-0.093994	7.0688	0.83496
-0.09375	7.2134	1.223
-0.093506	7.1749	1.661
-0.093262	6.8956	1.9828
-0.093018	6.3943	2.1
-0.092773	5.7548	2.0824
-0.092529	5.0482	2.0595
-0.092285	4.2815	2.1412
-0.092041	3.3998	2.2881
-0.091797	2.347	2.3615
-0.091553	1.1615	2.2483
-0.091309	-0.06025	1.9489
-0.091064	-1.2367	1.5866
-0.09082	-2.3505	1.2903
-0.090576	-3.4329	1.0927
-0.090332	-4.5112	0.89922
-0.090088	-5.5715	0.60076
-0.089844	-6.5241	0.138
-0.0896	-7.271	-0.39749
-0.089355	-7.796	-0.87708
-0.089111	-8.1472	-1.2194
-0.088867	-8.3685	-1.4548
-0.088623	-8.4435	-1.6945
-0.088379	-8.3267	-2.0187
-0.088135	-7.9643	-2.3974
-0.087891	-7.3438	-2.7228
-0.087646	-6.5346	-2.887
-0.087402	-5.6219	-2.8761
-0.087158	-4.6332	-2.7818
-0.086914	-3.5299	-2.6983
-0.08667	-2.2942	-2.6615
-0.086426	-0.95916	-2.5963
-0.086182	0.41387	-2.3978
-0.085938	1.7351	-2.0303
-0.085693	2.9577	-1.5478
-0.085449	4.1015	-1.0818
-0.085205	5.189	-0.68498
-0.084961	6.1968	-0.33469
-0.084717	7.0658	0.054793
-0.084473	7.7443	0.53546
-0.084229	8.1919	1.0998
-0.083984	8.4349	1.6469
-0.08374	8.5162	2.0868
-0.083496	8.4401	2.4061
-0.083252	8.1674	2.6533
-0.083008	7.6642	2.9089
-0.082764	6.9479	3.1851
-0.08252	6.0919	3.4783
-0.082275	5.0889	3.6553
-0.082031	3.9837	3.6793
-0.081787	2.7723	3.5919
-0.081543	1.4514	3.4724
-0.081299	0.031319	3.3446
-0.081055	-1.4335	3.2163
-0.080811	-2.8842	3.0096
-0.080566	-4.2765	2.68
-0.080322	-5.5881	2.2275
-0.080078	-6.8168	1.7344
-0.079834	-7.937	1.2531
-0.07959	-8.916	0.82336
-0.079346	-9.7021	0.40353
-0.079102	-10.261	-0.061488
-0.078857	-10.643	-0.6192
-0.078613	-10.802	-1.1971
-0.078369	-10.752	-1.7056
-0.078125	-10.479	-2.1057
-0.077881	-9.973	-2.4075
-0.077637	-9.2351	-2.6612
-0.077393	-8.2829	-2.8993
-0.077148	-7.1624	-3.1131
-0.076904	-5.9055	-3.2359
-0.07666	-4.5426	-3.2199
-0.076416	-3.0857	-3.0717
-0.076172	-1.5588	-2.8287
-0.075928	-0.0089222	-2.5614
-0.075684	1.5189	-2.2625
-0.075439	2.9715	-1.9167
-0.075195	4.3237	-1.4822
-0.074951	5.549	-0.95442
-0.074707	6.6257	-0.36885
-0.074463	7.5269	0.21469
-0.074219	8.2119	0.7626
-0.073975	8.6609	1.2788
-0.07373	8.856	1.7833
-0.073486	8.8006	2.3155
-0.073242	8.4989	2.8266
-0.072998	7.9498	3.3012
-0.072754	7.1645	3.6662
-0.07251	6.1442	3.9378
-0.072266	4.9209	4.1298
-0.072021	3.5216	4.277
-0.071777	1.9885	4.3731
-0.071533	0.36166	4.4053
-0.071289	-1.326	4.329
-0.071045	-3.029	4.1394
-0.070801	-4.7117	3.8676
-0.070557	-6.3196	3.5191
-0.070312	-7.8073	3.1537
-0.070068	-9.1329	2.7403
-0.069824	-10.256	2.2771
-0.06958	-11.153	1.7443
-0.069336	-11.792	1.1652
-0.069092	-12.158	0.56747
-0.068848	-12.232	-0.00086447
-0.068604	-12.006	-0.54087
-0.068359	-11.488	-1.0613
-0.068115	-10.689	-1.5569
-0.067871	-9.6384	-2.0441
-0.067627	-8.3588	-2.4679
-0.067383	-6.8869	-2.8256
-0.067139	-5.2612	-3.0746
-0.066895	-3.5251	-3.2307
-0.06665	-1.7356	-3.3077
-0.066406	0.058705	-3.3189
-0.066162	1.8023	-3.2517
-0.065918	3.4472	-3.0802
-0.065674	4.9484	-2.7977
-0.06543	6.258	-2.405
-0.065186	7.3423	-1.9528
-0.064941	8.1635	-1.4285
-0.064697	8.701	-0.88054
-0.064453	8.9425	-0.26522
-0.064209	8.8802	0.37765
-0.063965	8.5259	1.0616
-0.063721	7.8808	1.7387
-0.063477	6.9738	2.3887
-0.063232	5.824	2.972
-0.062988	4.4744	3.499
-0.062744	2.9661	3.9615
-0.0625	1.3447	4.339
-0.062256	-0.33589	4.6401
-0.062012	-2.0292	4.7923
-0.061768	-3.6797	4.8325
-0.061523	-5.2383	4.7299
-0.061279	-6.6551	4.5148
-0.061035	-7.8827	4.1879
-0.060791	-8.8874	3.7615
-0.060547	-9.6327	3.2287
-0.060303	-10.102	2.5965
-0.060059	-10.277	1.8947
-0.059814	-10.154	1.129
-0.05957	-9.739	0.37687
-0.059326	-9.0429	-0.39102
-0.059082	-8.0963	-1.1207
-0.058838	-6.9235	-1.8315
-0.058594	-5.571	-2.4693
-0.05835	-4.0789	-3.0163
-0.058105	-2.5008	-3.4373
-0.057861	-0.8888	-3.7293
-0.057617	0.70272	-3.8808
-0.057373	2.2218	-3.8851
-0.057129	3.618	-3.7522
-0.056885	4.8476	-3.4593
-0.056641	5.8718	-3.0383
-0.056396	6.6614	-2.4588
-0.056152	7.19	-1.7836
-0.055908	7.4454	-1.0049
-0.055664	7.4247	-0.18587
-0.05542	7.1323	0.66443
-0.055176	6.5868	1.5178
-0.054932	5.8069	2.341
-0.054688	4.8295	3.1045
-0.054443	3.6877	3.7579
-0.054199	2.4281	4.2959
-0.053955	1.0963	4.646
-0.053711	-0.25834	4.8658
-0.053467	-1.5843	4.8753
-0.053223	-2.8378	4.7293
-0.052979	-3.9764	4.3892
-0.052734	-4.9581	3.8676
-0.05249	-5.752	3.177
-0.052246	-6.3242	2.3529
-0.052002	-6.666	1.4364
-0.051758	-6.7614	0.43602
-0.051514	-6.6182	-0.58126
-0.05127	-6.2396	-1.6327
-0.051025	-5.6451	-2.6155
-0.050781	-4.8583	-3.5435
-0.050537	-3.884	-4.3579
-0.050293	-2.7887	-5.0358
-0.050049	-1.6082	-5.5081
-0.049805	-0.39711	-5.7675
-0.049561	0.80841	-5.8003
-0.049316	1.9592	-5.6213
-0.049072	3.0166	-5.2206
-0.048828	3.9428	-4.5688
-0.048584	4.7052	-3.7056
-0.04834	5.2779	-2.6468
-0.048096	5.6441	-1.4828
-0.047852	5.7938	-0.20616
-0.047607	5.7271	1.1152
-0.047363	5.449	2.4781
-0.047119	4.9779	3.7958
-0.046875	4.3091	5.0303
-0.046631	3.4997	6.1169
-0.046387	2.5802	6.9917
-0.046143	1.5915	7.6472
-0.045898	0.57351	8.0205
-0.045654	-0.43246	8.1401
-0.04541	-1.3869	7.9213
-0.045166	-2.2539	7.4373
-0.044922	-2.9999	6.6305
-0.044678	-3.5986	5.5722
-0.044434	-4.0268	4.2674
-0.044189	-4.2738	2.7745
-0.043945	-4.3301	1.1418
-0.043701	-4.2018	-0.56588
-0.043457	-3.8925	-2.2958
-0.043213	-3.4247	-4.0165
-0.042969	-2.8142	-5.6209
-0.042725	-2.0942	-7.0753
-0.04248	-1.2903	-8.2704
-0.042236	-0.44204	-9.2098
-0.041992	0.41951	-9.8451
-0.041748	1.2594	-10.17
-0.041504	2.0429	-10.124
-0.04126	2.7411	-9.716
-0.041016	3.3277	-8.9474
-0.040771	3.7831	-7.8544
-0.040527	4.0918	-6.4876
-0.040283	4.2444	-4.8606
-0.040039	4.2372	-3.0515
-0.039795	4.0762	-1.0985
-0.039551	3.7709	0.89403
-0.039307	3.3387	2.8851
-0.039062	2.798	4.7749
-0.038818	2.1748	6.5232
-0.038574	1.493	8.0449
-0.03833	0.78477	9.2753
-0.038086	0.074892	10.189
-0.037842	-0.60232	10.739
-0.037598	-1.2247	10.938
-0.037354	-1.7634	10.732
-0.037109	-2.2038	10.163
-0.036865	-2.5276	9.2004
-0.036621	-2.7261	7.9533
-0.036377	-2.7904	6.4226
-0.036133	-2.7227	4.6878
-0.035889	-2.5269	2.7836
-0.035645	-2.2154	0.80129
-0.0354	-1.8052	-1.1984
-0.035156	-1.3148	-3.1321
-0.034912	-0.76885	-4.9361
-0.034668	-0.18635	-6.5595
-0.034424	0.40398	-7.9212
-0.03418	0.98254	-9.0007
-0.033936	1.5207	-9.737
-0.033691	2.0013	-10.125
-0.033447	2.4019	-10.142
-0.033203	2.7127	-9.819
-0.032959	2.9217	-9.1402
-0.032715	3.0249	-8.1443
-0.032471	3.0183	-6.8602
-0.032227	2.9026	-5.3606
-0.031982	2.686	-3.7203
-0.031738	2.3808	-1.9742
-0.031494	2.0017	-0.18199
-0.03125	1.5671	1.5904
-0.031006	1.0942	3.2495
-0.030762	0.60202	4.7522
-0.030518	0.10761	6.0406
-0.030273	-0.36726	7.0898
-0.030029	-0.80337	7.8494
-0.029785	-1.1832	8.2915
-0.029541	-1.4942	8.4435
-0.029297	-1.7287	8.2885
-0.029053	-1.8805	7.8449
-0.028809	-1.9491	7.1094
-0.028564	-1.9289	6.1643
-0.02832	-1.8255	5.0215
-0.028076	-1.6412	3.7668
-0.027832	-1.3888	2.4082
-0.027588	-1.0792	1.0371
-0.027344	-0.72741	-0.31671
-0.0271	-0.34705	-1.5935
-0.026855	0.049394	-2.7744
-0.026611	0.44624	-3.7823
-0.026367	0.82875	-4.5802
-0.026123	1.1812	-5.1559
-0.025879	1.4913	-5.5222
-0.025635	1.749	-5.6719
-0.025391	1.9459	-5.5815
-0.025146	2.0777	-5.2658
-0.024902	2.1394	-4.7513
-0.024658	2.131	-4.0795
-0.024414	2.0523	-3.2606
-0.02417	1.9075	-2.3475
-0.023926	1.703	-1.3934
-0.023682	1.4458	-0.43853
-0.023438	1.1471	0.50659
-0.023193	0.81538	1.4146
-0.022949	0.46563	2.2279
-0.022705	0.10797	2.9016
-0.022461	-0.2408	3.4258
-0.022217	-0.57013	3.8097
-0.021973	-0.86687	4.029
-0.021729	-1.122	4.0811
-0.021484	-1.3208	3.9858
-0.02124	-1.459	3.755
-0.020996	-1.5328	3.4077
-0.020752	-1.5428	2.9337
-0.020508	-1.489	2.3801
-0.020264	-1.3741	1.7837
-0.02002	-1.2005	1.1942
-0.019775	-0.97607	0.57952
-0.019531	-0.70845	-0.014516
-0.019287	-0.41111	-0.57101
-0.019043	-0.096751	-1.0375
-0.018799	0.22394	-1.4347
-0.018555	0.54025	-1.7351
-0.018311	0.84369	-1.9348
-0.018066	1.1246	-2.0254
-0.017822	1.3673	-2.0372
-0.017578	1.565	-1.9553
-0.017334	1.7058	-1.7894
-0.01709	1.7894	-1.5357
-0.016846	1.8124	-1.2296
-0.016602	1.7766	-0.90346
-0.016357	1.6799	-0.53942
-0.016113	1.5255	-0.14313
-0.015869	1.3161	0.24098
-0.015625	1.0606	0.58366
-0.015381	0.76896	0.88447
-0.015137	0.45173	1.1601
-0.014893	0.12183	1.4093
-0.014648	-0.21105	1.5707
-0.014404	-0.53673	1.6621
-0.01416	-0.84115	1.7087
-0.013916	-1.1172	1.7015
-0.013672	-1.3462	1.6455
-0.013428	-1.526	1.5313
-0.013184	-1.6413	1.3675
-0.012939	-1.6986	1.2045
-0.012695	-1.6884	1.0034
-0.012451	-1.6169	0.77941
-0.012207	-1.4813	0.57143
-0.011963	-1.2873	0.36582
-0.011719	-1.0419	0.15716
-0.011475	-0.75255	-0.02638
-0.01123	-0.4386	-0.20561
-0.010986	-0.10333	-0.32813
-0.010742	0.22876	-0.44383
-0.010498	0.55888	-0.56202
-0.010254	0.86194	-0.63704
-0.01001	1.1411	-0.66456
-0.0097656	1.3735	-0.68585
-0.0095215	1.5572	-0.68586
-0.0092773	1.6812	-0.70512
-0.0090332	1.741	-0.67002
-0.0087891	1.7427	-0.5924
-0.0085449	1.6759	-0.54404
-0.0083008	1.5573	-0.49111
-0.0080566	1.3737	-0.41651
-0.0078125	1.147	-0.33681
-0.0075684	0.87014	-0.22922
-0.0073242	0.56733	-0.14466
-0.0070801	0.2423	-0.07708
-0.0068359	-0.087746	0.031737
-0.0065918	-0.4105	0.10701
-0.0063477	-0.72131	0.17773
-0.0061035	-0.99809	0.26418
-0.0058594	-1.2461	0.31622
-0.0056152	-1.4349	0.37255
-0.0053711	-1.5798	0.41286
-0.005127	-1.6541	0.41761
-0.0048828	-1.6753	0.45847
-0.0046387	-1.6297	0.45679
-0.0043945	-1.5301	0.40765
-0.0041504	-1.3779	0.38071
-0.0039062	-1.1751	0.32528
-0.0036621	-0.93927	0.26067
-0.003418	-0.6641	0.18868
-0.0031738	-0.38012	0.046254
-0.0029297	-0.077112	-0.058246
-0.0026855	0.2089	-0.14791
-0.0024414	0.49202	-0.28984
-0.0021973	0.74037	-0.4157
-0.0019531	0.96258	-0.54385
-0.001709	1.142	-0.672
-0.0014648	1.2728	-0.73449
-0.0012207	1.3584	-0.83452
-0.00097656	1.379	-0.91075
-0.00073242	1.3604	-0.92729
-0.00048828	1.276	-0.96135
-0.00024414	1.1625	-0.94038
0	0.99422	-0.87922
0.00024414	0.80612	-0.83697
0.00048828	0.58163	-0.72414
0.00073242	0.34725	-0.6128
0.00097656	0.10576	-0.5083
0.0012207	-0.13684	-0.32482
0.0014648	-0.35831	-0.18391
0.001709	-0.57458	-0.051905
0.0019531	-0.74984	0.1214
0.0021973	-0.91338	0.23611
0.0024414	-1.0236	0.36848
0.0026855	-1.1108	0.4872
0.0029297	-1.1431	0.5131
0.0031738	-1.1426	0.57866
0.003418	-1.1015	0.60618
0.0036621	-1.0225	0.55511
0.0039062	-0.92447	0.52649
0.0041504	-0.78577	0.41714
0.0043945	-0.64673	0.28687
0.0046387	-0.47403	0.19023
0.0048828	-0.3163	-0.005859
0.005127	-0.14071	-0.18032
0.0053711	0.0094034	-0.33471
0.0056152	0.15771	-0.55948
0.0058594	0.2821	-0.70879
0.0061035	0.38607	-0.86013
0.0063477	0.47489	-1.0423
0.0065918	0.52386	-1.116
0.0068359	0.56625	-1.2189
0.0070801	0.55783	-1.2946
0.0073242	0.55125	-1.2617
0.0075684	0.49919	-1.2735
0.0078125	0.45083	-1.2151
0.0080566	0.37336	-1.0815
0.0083008	0.29631	-0.99558
0.0085449	0.21256	-0.80225
0.0087891	0.12257	-0.6105
0.0090332	0.052404	-0.46352
0.0092773	-0.028304	-0.20903
0.0095215	-0.07045	-0.009526
0.0097656	-0.12561	0.16747
0.01001	-0.13734	0.41026
0.010254	-0.15877	0.53763
0.010498	-0.17718	0.65774
0.010742	-0.1913	0.79078
0.010986	-0.18033	0.78993
0.01123	-0.15187	0.83615
0.011475	-0.12257	0.84037
0.011719	-0.063662	0.73575
0.011963	-0.025553	0.7044
0.012207	0.048003	0.5764
0.012451	0.092423	0.40643
0.012695	0.16455	0.31214
0.012939	0.20852	0.1058
0.013184	0.2628	-0.069855
0.013428	0.29798	-0.19084
0.013672	0.32292	-0.41596
0.013916	0.34463	-0.536
0.01416	0.37317	-0.61768
0.014404	0.41281	-0.75518
0.014648	0.40524	-0.75074
0.014893	0.41692	-0.78892
0.015137	0.38135	-0.82893
0.015381	0.36326	-0.73071
0.015625	0.3137	-0.71756
0.015869	0.27052	-0.64489
0.016113	0.21756	-0.48658
0.016357	0.15643	-0.43598
0.016602	0.10905	-0.27681
0.016846	0.039278	-0.11526
0.01709	0.0032245	-0.050845
0.017334	-0.059813	0.13701
0.017578	-0.082346	0.24759
0.017822	-0.12677	0.30643
0.018066	-0.13867	0.46749
0.018311	-0.15707	0.48201
0.018555	-0.15735	0.51596
0.018799	-0.14657	0.60172
0.019043	-0.13722	0.52983
0.019287	-0.10135	0.5367
0.019531	-0.086479	0.52419
0.019775	-0.035837	0.38603
0.02002	-0.016364	0.374
0.020264	0.035339	0.27608
0.020508	0.06189	0.13085
0.020752	0.10306	0.11022
0.020996	0.13265	-0.036006
0.02124	0.15753	-0.14149
0.021484	0.18618	-0.15423
0.021729	0.19426	-0.30062
0.021973	0.21877	-0.32419
0.022217	0.21048	-0.32958
0.022461	0.22639	-0.42875
0.022705	0.20805	-0.36723
0.022949	0.20995	-0.36159
0.023193	0.18842	-0.38711
0.023438	0.1737	-0.26066
0.023682	0.15409	-0.25127
0.023926	0.12734	-0.19629
0.02417	0.11271	-0.051105
0.024414	0.079355	-0.050017
0.024658	0.070393	0.059369
0.024902	0.037769	0.17563
0.025146	0.034112	0.16892
0.025391	0.011248	0.29787
0.025635	0.0094505	0.34416
0.025879	0.001198	0.33009
0.026123	-0.0012793	0.44158
0.026367	0.0037586	0.41085
0.026611	0.0013912	0.3974
0.026855	0.015589	0.45619
0.0271	0.013845	0.35823
0.027344	0.034815	0.35352
0.027588	0.034224	0.34971
0.027832	0.054114	0.22212
0.028076	0.056062	0.23237
0.02832	0.068101	0.16854
0.028564	0.075061	0.057199
0.028809	0.076301	0.080196
0.029053	0.083343	-0.017623
0.029297	0.075035	-0.081795
0.029541	0.080407	-0.053306
0.029785	0.06637	-0.15867
0.030029	0.068053	-0.15427
0.030273	0.050806	-0.13184
0.030518	0.047664	-0.21334
0.030762	0.032663	-0.14931
0.031006	0.024397	-0.14223
0.03125	0.016262	-0.17892
0.031494	0.0054777	-0.079018
0.031738	0.0050757	-0.095759
0.031982	-0.0024472	-0.079939
0.032227	0.0039338	0.023391
0.032471	-0.00022918	-0.0083685
0.032715	0.011888	0.054887
0.032959	0.014628	0.12987
0.033203	0.03083	0.092902
0.033447	0.042034	0.18508
0.033691	0.057487	0.21116
0.033936	0.076491	0.18456
0.03418	0.091029	0.27675
0.034424	0.11308	0.25062
0.034668	0.1248	0.24615
0.034912	0.14238	0.31686
0.035156	0.1482	0.25223
0.0354	0.15933	0.27237
0.035645	0.15519	0.29605
0.035889	0.15189	0.21581
0.036133	0.1378	0.25231
0.036377	0.11787	0.22514
0.036621	0.094316	0.15123
0.036865	0.05756	0.18877
0.037109	0.022742	0.11851
0.037354	-0.02489	0.071201
0.037598	-0.067224	0.0927
0.037842	-0.12044	-0.0034268
0.038086	-0.16779	-0.015805
0.03833	-0.2218	-0.022144
0.038574	-0.26675	-0.11415
0.038818	-0.31048	-0.094317
0.039062	-0.34779	-0.1246
0.039307	-0.37488	-0.18786
0.039551	-0.39626	-0.14403
0.039795	-0.39981	-0.18841
0.040039	-0.39659	-0.20403
0.040283	-0.37474	-0.1518
0.040527	-0.34711	-0.19626
0.040771	-0.29882	-0.15745
0.041016	-0.24545	-0.10617
0.04126	-0.17545	-0.12401
0.041504	-0.10061	-0.040762
0.041748	-0.018239	0.00049706
0.041992	0.071535	0.016509
0.042236	0.15876	0.12477
0.04248	0.19613	0.1048
0.042725	0.22506	0.10284
0.042969	0.25383	0.15552
0.043213	0.27356	0.11343
0.043457	0.29185	0.13498
0.043701	0.29745	0.1569
0.043945	0.29768	0.10678
0.044189	0.28861	0.14088
0.044434	0.27069	0.12758
0.044678	0.24775	0.08054
0.044922	0.21081	0.10587
0.045166	0.17224	0.055559
0.04541	0.12273	0.017046
0.045654	0.075773	0.028739
0.045898	0.020009	-0.049928
0.046143	0.019771	-0.025591
0.046387	0.016314	0.0091341
0.046631	0.014907	-0.022351
0.046875	0.015238	0.022133
0.047119	0.0099969	0.028357
0.047363	0.011448	0.0023278
0.047607	0.0043858	0.04882
0.047852	0.008032	0.02775
0.048096	0.0033211	0.018685
0.04834	0.0048318	0.058849
0.048584	0.00019519	0.023005
0.048828	0.00086997	0.033969
0.049072	0.0018637	0.054496
0.049316	-0.0015074	0.010653
0.049561	0.0020562	0.032553
0.049805	-0.003675	0.022283
0.050049	0.0032632	-0.015734
0.050293	0.00052941	0.013609
0.050537	0.0056859	-0.011145
0.050781	0.0044028	-0.023601
0.051025	0.0052595	0.0088873
0.05127	0.010074	-0.023461
0.051514	0.0088305	-0.016838
0.051758	0.014029	-0.0010307
0.052002	0.0091547	-0.038722
0.052246	0.016325	-0.018982
0.05249	0.014597	-0.01687
0.052734	0.019949	-0.038789
0.052979	0.019262	-0.0039678
0.053223	0.017881	-0.0098164
0.053467	0.023361	-0.015886
0.053711	0.017331	0.013143
0.053955	0.023864	-0.011036
0.054199	0.01218	-0.010939
0.054443	0.016947	0.0052062
0.054688	0.0096004	-0.019952
0.054932	0.0114	-0.0029095
0.055176	0.0065345	0.010145
0.05542	-0.00080039	-0.0074986
0.055664	0.0013976	0.014245
0.055908	-0.0086105	0.0040313
0.056152	-0.0015532	-0.016446
0.056396	-0.01601	-0.0057652
0.056641	-0.0096652	-0.030399
0.056885	-0.017403	-0.037256
0.057129	-0.01232	-0.018275
0.057373	-0.011756	-0.037322
0.057617	-0.015009	-0.027783
0.057861	-0.0054243	-0.018346
0.058105	-0.0093446	-0.0436
0.05835	0.0077134	-0.037541
0.058594	0.00060002	-0.047811
0.058838	0.015663	-0.067916
0.059082	0.016484	-0.047823
0.059326	0.028335	-0.051027
0.05957	0.037372	-0.043944
0.059814	0.035681	-0.014344
0.060059	0.051042	-0.023892
0.060303	0.043623	-0.018836
0.060547	0.063642	-0.011584
0.060791	0.050357	-0.032393
0.061035	0.060607	-0.022339
0.061279	0.050303	-0.012713
0.061523	0.052316	-0.013465
0.061768	0.050257	0.016032
0.062012	0.033746	0.023354
0.062256	0.036888	0.025382
0.0625	0.011113	0.033858
0.062744	0.019805	0.015591
0.062988	-0.0092818	0.005958
0.063232	-0.0084328	0.0080124
0.063477	-0.030485	-0.0068983
0.063721	-0.034993	0.0018818
0.063965	-0.040135	0.01118
0.064209	-0.056637	0.0050641
0.064453	-0.048632	0.0032233
0.064697	-0.067788	-0.014888
0.064941	-0.044255	-0.045713
0.065186	-0.057852	-0.065607
0.06543	-0.036627	-0.09201
0.065674	-0.03716	-0.10487
0.065918	-0.019595	-0.10181
0.066162	0.0019753	-0.1098
0.066406	0.0074248	-0.11277
0.06665	0.041134	-0.11152
0.066895	0.038449	-0.12984
0.067139	0.080675	-0.14294
0.067383	0.078266	-0.148
0.067627	0.10888	-0.1551
0.067871	0.10977	-0.13755
0.068115	0.12227	-0.11351
0.068359	0.13582	-0.086746
0.068604	0.12239	-0.054392
0.068848	0.13731	-0.034461
0.069092	0.10274	-0.023308
0.069336	0.11663	-0.0036807
0.06958	0.076909	0.0019703
0.069824	0.074305	0.020316
0.070068	0.03806	0.051337
0.070312	0.015633	0.082363
0.070557	-0.0027628	0.11247
0.070801	-0.044149	0.13555
0.071045	-0.049134	0.13728
0.071289	-0.10081	0.133
0.071533	-0.094256	0.11421
0.071777	-0.13522	0.097515
0.072021	-0.12903	0.083259
0.072266	-0.14786	0.06798
0.07251	-0.14656	0.053361
0.072754	-0.12897	0.043302
0.072998	-0.13182	0.016017
0.073242	-0.087965	-0.027353
0.073486	-0.092179	-0.081261
0.07373	-0.033829	-0.14172
0.073975	-0.025088	-0.19623
0.074219	0.030007	-0.23529
0.074463	0.034206	-0.23618
0.074707	0.046968	-0.22559
0.074951	0.073754	-0.21289
0.075195	0.065572	-0.21506
0.075439	0.10376	-0.21564
0.075684	0.078097	-0.22488
0.075928	0.113	-0.23046
0.076172	0.086358	-0.22134
0.076416	0.10254	-0.2025
0.07666	0.083768	-0.18181
0.076904	0.07004	-0.1343
0.077148	0.06818	-0.0893
0.077393	0.028842	-0.05193
0.077637	0.039109	-0.03525
0.077881	-0.017128	-0.030543
0.078125	0.015553	-0.051046
0.078369	-0.012608	-0.060454
0.078613	0.0082114	-0.069763
0.078857	-0.0011032	-0.05178
0.079102	-0.0035229	-0.032774
0.079346	0.011186	-0.01915
0.07959	-0.011547	-0.011479
0.079834	0.020466	-0.011021
0.080078	-0.014649	-0.028096
0.080322	0.020026	-0.04001
0.080566	-0.0088333	-0.047957
0.080811	0.011949	-0.04486
0.081055	0.0042385	-0.031432
0.081299	-0.00021541	-0.016194
0.081543	0.017088	0.00025114
0.081787	-0.0094324	0.0058245
0.082031	0.026076	-0.0058857
0.082275	-0.01153	-0.025116
0.08252	0.024693	-0.043691
0.082764	-0.0058967	-0.06668
0.083008	0.014581	-0.068026
0.083252	0.0066827	-0.063085
0.083496	0.00036476	-0.051502
0.08374	0.019405	-0.043461
0.083984	-0.010594	-0.039614
0.084229	0.026919	-0.04839
0.084473	-0.01232	-0.051633
0.084717	0.025113	-0.068889
0.084961	-0.0058656	-0.060964
0.085205	0.014269	-0.046736
0.085449	0.0064185	-0.0284
0.085693	-0.00065252	-0.0098247
0.085938	0.019392	0.017337
0.086182	-0.011233	0.019327
0.086426	0.028349	0.020936
0.08667	-0.010758	0.0052256
0.086914	0.027358	-0.0064145
0.087158	-0.0016446	-0.015106
0.087402	0.016796	-0.016593
0.087646	0.01119	-0.017479
0.087891	0.0035088	-0.0070962
0.088135	0.025696	-0.014996
0.088379	-0.0054169	-0.026417
0.088623	0.036118	-0.045861
0.088867	-0.0035705	-0.069523
0.089111	0.035407	-0.08727
0.089355	0.0064573	-0.09174
0.0896	0.023329	-0.085524
0.089844	0.019562	-0.071626
0.090088	0.0088576	-0.054863
0.090332	0.033263	-0.040815
0.090576	0.0012958	-0.02838
0.09082	0.042834	-0.032371
0.091064	0.0026335	-0.028468
0.091309	0.041287	-0.023256
0.091553	0.011076	-0.012963
0.091797	0.027463	0.00057639
0.092041	0.023513	0.028787
0.092285	0.011868	0.04174
0.092529	0.037733	0.052714
0.092773	0.0045571	0.03978
0.093018	0.046337	0.027475
0.093262	0.0061042	0.0034282
0.093506	0.04247	-0.019659
0.09375	0.013434	-0.044891
0.093994	0.028662	-0.044666
0.094238	0.025563	-0.059373
0.094482	0.013574	-0.068252
0.094727	0.041334	-0.081744
0.094971	0.0071232	-0.093095
0.095215	0.049686	-0.1154
0.095459	0.0089886	-0.12353
0.095703	0.044127	-0.12876
0.095947	0.016716	-0.11678
0.096191	0.030958	-0.09842
0.096436	0.030282	-0.06401
0.09668	0.018468	-0.030462
0.096924	0.046761	-0.0043389
0.097168	0.012572	0.015318
0.097412	0.05506	0.036634
0.097656	0.014016	0.046188
0.0979	0.048652	0.050865
0.098145	0.023214	0.061477
0.098389	0.035524	0.070526
0.098633	0.037717	0.068284
0.098877	0.024045	0.048984
0.099121	0.052847	0.029106
0.099365	0.018303	-0.0040847
0.099609	0.058606	-0.046856
0.099854	0.01812	-0.091043
0.1001	0.051416	-0.11695
0.10034	0.02624	-0.15259
0.10059	0.038643	-0.16964
0.10083	0.041833	-0.17605
0.10107	0.02619	-0.17153
0.10132	0.054482	-0.17248
0.10156	0.018449	-0.15816
0.10181	0.056135	-0.14056
0.10205	0.017568	-0.10624
0.10229	0.04902	-0.079577
0.10254	0.02625	-0.03543
0.10278	0.037118	0.01152
0.10303	0.041144	0.049736
0.10327	0.024325	0.070291
0.10352	0.05213	0.093395
0.10376	0.016314	0.093281
0.104	0.052712	0.087721
0.10425	0.016686	0.072101
0.10449	0.046401	0.05752
0.10474	0.027236	0.028309
0.10498	0.037055	-0.0099908
0.10522	0.043171	-0.045503
0.10547	0.02515	-0.081688
0.10571	0.053401	-0.13706
0.10596	0.017361	-0.17963
0.1062	0.053878	-0.20549
0.10645	0.020018	-0.22561
0.10669	0.048786	-0.23096
0.10693	0.031777	-0.21962
0.10718	0.03919	-0.19107
0.10742	0.045562	-0.16002
0.10767	0.027151	-0.12621
0.10791	0.053124	-0.085754
0.10815	0.018771	-0.040495
0.1084	0.053164	-0.0073389
0.10864	0.021703	0.041151
0.10889	0.047798	0.086239
0.10913	0.033503	0.1157
0.10938	0.037117	0.13348
0.10962	0.048127	0.14944
0.10986	0.025493	0.1414
0.11011	0.050608	0.11565
0.11035	0.022611	0.073673
0.1106	0.053395	0.033113
0.11084	0.023656	-0.019503
0.11108	0.053618	-0.068221
0.11133	0.03722	-0.11787
0.11157	0.037177	-0.16073
0.11182	0.052765	-0.20688
0.11206	0.02861	-0.23713
0.1123	0.051754	-0.25895
0.11255	0.030458	-0.26924
0.11279	0.056964	-0.26781
0.11304	0.028884	-0.23704
0.11328	0.055547	-0.18814
0.11353	0.043881	-0.13982
0.11377	0.039629	-0.087657
0.11401	0.054062	-0.018601
0.11426	0.033175	0.045561
0.1145	0.053444	0.093353
0.11475	0.032067	0.1366
0.11499	0.061421	0.17524
0.11523	0.033879	0.1985
0.11548	0.05517	0.20821
0.11572	0.049713	0.20398
0.11597	0.039203	0.1803
0.11621	0.054544	0.14113
0.11646	0.039768	0.090035
0.1167	0.055195	0.032123
0.11694	0.034369	-0.039686
0.11719	0.065317	-0.10482
0.11743	0.03686	-0.15859
0.11768	0.053506	-0.19848
0.11792	0.055519	-0.23975
0.11816	0.040563	-0.26071
0.11841	0.052225	-0.26187
0.11865	0.04579	-0.25104
0.1189	0.055564	-0.23298
0.11914	0.037281	-0.19102
0.11938	0.069209	-0.13402
0.11963	0.041306	-0.075579
0.11987	0.049633	-0.01063
0.12012	0.060878	0.063147
0.12036	0.041477	0.12233
0.12061	0.053218	0.16807
0.12085	0.050771	0.20416
0.12109	0.059192	0.2323
0.12134	0.038543	0.23692
0.12158	0.071283	0.22987
0.12183	0.047768	0.2094
0.12207	0.050508	0.18163
0.12231	0.063541	0.13894
0.12256	0.050402	0.086521
0.1228	0.052241	0.030973
0.12305	0.057434	-0.030086
0.12329	0.067785	-0.084365
0.12354	0.042257	-0.12965
0.12378	0.071904	-0.16372
0.12402	0.060046	-0.19187
0.12427	0.045797	-0.19554
0.12451	0.068711	-0.17896
0.12476	0.060238	-0.16101
0.125	0.053748	-0.13741
0.12524	0.060979	-0.098515
0.12549	0.077754	-0.047629
0.12573	0.042018	-0.0037521
0.12598	0.072863	0.042977
0.12622	0.069002	0.093337
0.12646	0.047089	0.14077
0.12671	0.066699	0.17896
0.12695	0.070614	0.20003
0.1272	0.051848	0.21547
0.12744	0.062911	0.21422
0.12769	0.084077	0.20555
0.12793	0.047623	0.18279
0.12817	0.067839	0.1565
0.12842	0.079168	0.12001
0.12866	0.047765	0.085247
0.12891	0.066953	0.055251
0.12915	0.078592	0.017189
0.12939	0.058957	-0.015437
0.12964	0.0605	-0.040066
0.12988	0.091038	-0.054899
0.13013	0.053127	-0.07253
0.13037	0.065164	-0.074936
0.13062	0.087963	-0.062873
0.13086	0.059177	-0.051072
0.1311	0.062704	-0.03112
0.13135	0.089379	-0.0075234
0.13159	0.067298	0.023087
0.13184	0.058124	0.040067
0.13208	0.098867	0.061665
0.13232	0.065477	0.081129
0.13257	0.058006	0.099483
0.13281	0.09492	0.11303
0.13306	0.067969	0.11635
0.1333	0.059582	0.1236
0.13354	0.096924	0.12161
0.13379	0.077754	0.11881
0.13403	0.054464	0.10328
0.13428	0.097649	0.092086
0.13452	0.076463	0.080957
0.13477	0.052627	0.0703
0.13501	0.096947	0.062054
0.13525	0.078318	0.048668
0.1355	0.053402	0.050784
0.13574	0.090479	0.05088
0.13599	0.089008	0.054465
0.13623	0.048663	0.051125
0.13647	0.096427	0.052779
0.13672	0.085745	0.06066
0.13696	0.047143	0.063252
0.13721	0.08757	0.064126
0.13745	0.093082	0.058696
0.1377	0.048771	0.067849
0.13794	0.091341	0.065241
0.13818	0.095902	0.058262
0.13843	0.048746	0.046283
0.13867	0.08347	0.039518
0.13892	0.10387	0.036064
0.13916	0.049178	0.022525
0.1394	0.088231	0.016294
0.13965	0.10078	0.0092956
0.13989	0.054631	0.013549
0.14014	0.077425	0.013007
0.14038	0.11449	0.012255
0.14062	0.051853	0.016902
0.14087	0.080604	0.028931
0.14111	0.1064	0.044844
0.14136	0.057003	0.049719
0.1416	0.081817	0.067858
0.14185	0.11956	0.084448
0.14209	0.06056	0.10243
0.14233	0.084236	0.11123
0.14258	0.11405	0.11637
0.14282	0.064389	0.12244
0.14307	0.075886	0.11995
0.14331	0.12664	0.11413
0.14355	0.065376	0.094634
0.1438	0.07834	0.082663
0.14404	0.11949	0.068039
0.14429	0.075292	0.048538
0.14453	0.072399	0.022802
0.14478	0.13305	-0.00054292
0.14502	0.074688	-0.013608
0.14526	0.062055	-0.034537
0.14551	0.12529	-0.051285
0.14575	0.082251	-0.065029
0.146	0.060171	-0.061263
0.14624	0.13419	-0.055796
0.14648	0.087476	-0.051168
0.14673	0.057729	-0.039152
0.14697	0.1275	-0.019167
0.14722	0.098549	0.010229
0.14746	0.058316	0.02736
0.14771	0.13521	0.048091
0.14795	0.10375	0.069002
0.14819	0.057659	0.094703
0.14844	0.12951	0.10813
0.14868	0.11661	0.11022
0.14893	0.060027	0.11565
0.14917	0.13264	0.1173
0.14941	0.1207	0.11461
0.14966	0.057564	0.091789
0.1499	0.12856	0.073281
0.15015	0.13085	0.054728
0.15039	0.063777	0.036461
0.15063	0.12677	0.0087568
0.15088	0.13353	-0.021882
0.15112	0.060795	-0.037731
0.15137	0.12093	-0.05442
0.15161	0.14378	-0.067259
0.15186	0.066738	-0.085384
0.1521	0.11923	-0.085029
0.15234	0.14518	-0.077379
0.15259	0.067489	-0.067202
0.15283	0.11293	-0.058813
0.15308	0.15669	-0.04871
0.15332	0.073469	-0.022592
0.15356	0.11036	-0.0041984
0.15381	0.15667	0.012947
0.15405	0.078438	0.021765
0.1543	0.10685	0.04483
0.15454	0.16851	0.062323
0.15479	0.085217	0.066831
0.15503	0.10512	0.06822
0.15527	0.16394	0.067876
0.15552	0.094726	0.072973
0.15576	0.098078	0.057427
0.15601	0.17926	0.041244
0.15625	0.097453	0.021336
0.15649	0.10097	0.010538
0.15674	0.16787	-0.0062617
0.15698	0.11373	-0.030435
0.15723	0.089341	-0.044617
0.15747	0.18362	-0.054321
0.15771	0.10853	-0.056256
0.15796	0.09508	-0.070035
0.1582	0.16591	-0.071414
0.15845	0.13035	-0.066654
0.15869	0.081066	-0.055064
0.15894	0.18499	-0.045853
0.15918	0.11872	-0.042022
0.15942	0.092376	-0.024226
0.15967	0.1564	-0.0095025
0.15991	0.14922	0.005253
0.16016	0.071402	0.0057341
0.1604	0.18135	0.014859
0.16064	0.12731	0.025907
0.16089	0.093532	0.028644
0.16113	0.14389	0.024398
0.16138	0.16774	0.017161
0.16162	0.065425	0.01932
0.16187	0.17518	0.010026
0.16211	0.13544	-0.0019351
0.16235	0.096601	-0.018791
0.1626	0.12872	-0.024906
0.16284	0.18438	-0.028448
0.16309	0.062435	-0.037521
0.16333	0.16558	-0.043218
0.16357	0.13938	-0.042967
0.16382	0.10422	-0.030954
0.16406	0.10943	-0.028903
0.16431	0.19543	-0.025965
0.16455	0.058715	-0.01895
0.16479	0.15318	-0.0071165
0.16504	0.13656	0.0029012
0.16528	0.11139	0.0040003
0.16553	0.085801	0.011243
0.16577	0.2016	0.020348
0.16602	0.053946	0.029959
0.16626	0.1368	0.028151
0.1665	0.12806	0.026134
0.16675	0.11824	0.028265
0.16699	0.061453	0.029856
0.16724	0.19768	0.024569
0.16748	0.052	0.014355
0.16772	0.12026	0.012032
0.16797	0.11585	0.0073531
0.16821	0.1257	0.001007
0.16846	0.040617	-0.0093444
0.1687	0.19086	-0.013236
0.16895	0.050097	-0.01016
0.16919	0.10495	-0.0077457
0.16943	0.096939	-0.0059941
0.16968	0.13464	-0.0023262
0.16992	0.016098	0.010742
0.17017	0.17706	0.021676
0.17041	0.046185	0.029702
0.17065	0.091244	0.03596
0.1709	0.075215	0.045795
0.17114	0.13563	0.05454
0.17139	-0.0033326	0.057764
0.17163	0.1547	0.060838
0.17188	0.038994	0.066585
0.17212	0.07334	0.07555
0.17236	0.046582	0.077551
0.17261	0.13263	0.076247
0.17285	-0.024983	0.0742
0.1731	0.12546	0.073172
0.17334	0.026535	0.083651
0.17358	0.058953	0.086895
0.17383	0.011417	0.094488
0.17407	0.12135	0.10251
0.17432	-0.046582	0.11363
0.17456	0.091512	0.12519
0.1748	0.0086276	0.1403
0.17505	0.039825	0.15994
0.17529	-0.023564	0.17935
0.17554	0.10444	0.19463
0.17578	-0.066165	0.20611
0.17603	0.055682	0.21913
0.17627	-0.010971	0.23036
0.17651	0.027172	0.24164
0.17676	-0.056312	0.25013
0.177	0.083978	0.2486
0.17725	-0.078703	0.25248
0.17749	0.024341	0.25772
0.17773	-0.031409	0.26638
0.17798	0.014441	0.27559
0.17822	-0.08644	0.28776
0.17847	0.061368	0.29987
0.17871	-0.090958	0.31076
0.17896	-0.0074658	0.32358
0.1792	-0.053398	0.33938
0.17944	0.0047082	0.35672
0.17969	-0.11288	0.37329
0.17993	0.0332	0.3904
0.18018	-0.10113	0.40592
0.18042	-0.034897	0.42209
0.18066	-0.080069	0.43235
0.18091	-0.010044	0.43827
0.18115	-0.13629	0.43986
0.1814	0.0020036	0.43444
0.18164	-0.11223	0.4264
0.18188	-0.05931	0.41219
0.18213	-0.1058	0.39761
0.18237	-0.021873	0.3852
0.18262	-0.15432	0.3737
0.18286	-0.029841	0.36671
0.18311	-0.12247	0.36579
0.18335	-0.078599	0.37149
0.18359	-0.13182	0.38577
0.18384	-0.038622	0.40377
0.18408	-0.16809	0.42532
0.18433	-0.05862	0.451
0.18457	-0.13317	0.47605
0.18481	-0.094144	0.50343
0.18506	-0.15235	0.53098
0.1853	-0.051594	0.55743
0.18555	-0.17607	0.58577
0.18579	-0.084867	0.60906
0.18604	-0.14127	0.62936
0.18628	-0.10389	0.64514
0.18652	-0.17055	0.6512
0.18677	-0.068581	0.65016
0.18701	-0.18061	0.6364
0.18726	-0.10683	0.61312
0.1875	-0.15179	0.58594
0.18774	-0.11224	0.55513
0.18799	-0.18392	0.52862
0.18823	-0.081635	0.50769
0.18848	-0.18067	0.4935
0.18872	-0.12355	0.49128
0.18896	-0.15821	0.49671
0.18921	-0.11534	0.51128
0.18945	-0.19255	0.5357
0.1897	-0.097873	0.5624
0.18994	-0.17873	0.5969
0.19019	-0.13675	0.63369
0.19043	-0.16565	0.67162
0.19067	-0.11828	0.71496
0.19092	-0.19509	0.75562
0.19116	-0.1077	0.79553
0.19141	-0.17282	0.83027
0.19165	-0.14235	0.85147
0.19189	-0.16955	0.86419
0.19214	-0.11757	0.86174
0.19238	-0.19407	0.8467
0.19263	-0.12047	0.8228
0.19287	-0.16654	0.78635
0.19312	-0.14391	0.74753
0.19336	-0.17062	0.71003
0.1936	-0.11421	0.67372
0.19385	-0.18332	0.65026
0.19409	-0.12199	0.63439
0.19434	-0.15431	0.63121
0.19458	-0.13908	0.64295
0.19482	-0.1671	0.6606
0.19507	-0.11204	0.69221
0.19531	-0.17488	0.73222
0.19556	-0.12932	0.77614
0.1958	-0.14831	0.82881
0.19604	-0.1344	0.8762
0.19629	-0.16276	0.92304
0.19653	-0.10725	0.9683
0.19678	-0.15857	1.0001
0.19702	-0.12376	1.0276
0.19727	-0.13515	1.0386
0.19751	-0.12342	1.0337
0.19775	-0.15325	1.0194
0.198	-0.10373	0.98604
0.19824	-0.14407	0.94613
0.19849	-0.12451	0.90083
0.19873	-0.12608	0.84979
0.19897	-0.11387	0.81084
0.19922	-0.14086	0.77445
0.19946	-0.096339	0.75148
0.19971	-0.12458	0.74929
0.19995	-0.11329	0.75554
0.2002	-0.11435	0.78477
0.20044	-0.10365	0.82245
0.20068	-0.13255	0.86506
0.20093	-0.096125	0.92155
0.20117	-0.11562	0.97323
0.20142	-0.11299	1.029
0.20166	-0.1078	1.0824
0.2019	-0.093309	1.1202
0.20215	-0.11488	1.1575
0.20239	-0.085188	1.1783
0.20264	-0.092749	1.1818
0.20288	-0.096974	1.1753
0.20312	-0.094115	1.1424
0.20337	-0.084052	1.1027
0.20361	-0.10584	1.0499
0.20386	-0.087265	0.98305
0.2041	-0.087398	0.92752
0.20435	-0.095924	0.87149
0.20459	-0.089018	0.83113
0.20483	-0.073646	0.81034
0.20508	-0.087877	0.79801
0.20532	-0.07343	0.82507
0.20557	-0.066462	0.86422
0.20581	-0.077722	0.9144
0.20605	-0.075327	0.9788
0.2063	-0.064588	1.038
0.20654	-0.076341	1.1043
0.20679	-0.072661	1.1663
0.20703	-0.059957	1.2102
0.20728	-0.071653	1.2528
0.20752	-0.063554	1.2726
0.20776	-0.051152	1.2764
0.20801	-0.05503	1.2655
0.20825	-0.055638	1.2251
0.2085	-0.041161	1.1757
0.20874	-0.055409	1.1126
0.20898	-0.055347	1.025
0.20923	-0.047703	0.94794
0.20947	-0.051023	0.86604
0.20972	-0.057872	0.80397
0.20996	-0.039536	0.76703
0.21021	-0.048847	0.74408
0.21045	-0.040625	0.75966
0.21069	-0.031014	0.79672
0.21094	-0.026427	0.85648
0.21118	-0.036071	0.944
0.21143	-0.019436	1.0301
0.21167	-0.032698	1.1298
0.21191	-0.03288	1.227
0.21216	-0.030909	1.307
0.2124	-0.027197	1.3793
0.21265	-0.040662	1.4204
0.21289	-0.022238	1.4373
0.21313	-0.028015	1.4333
0.21338	-0.021587	1.389
0.21362	-0.016583	1.3252
0.21387	-0.0073853	1.2359
0.21411	-0.020826	1.1213
0.21436	-0.0072438	1.0077
0.2146	-0.015694	0.87941
0.21484	-0.016485	0.76416
0.21509	-0.0172	0.67149
0.21533	-0.0083783	0.59418
0.21558	-0.022663	0.5592
0.21582	-0.0057769	0.55534
0.21606	-0.0077115	0.58534
0.21631	-0.0023557	0.66386
0.21655	-0.0031047	0.75582
0.2168	0.0082289	0.88013
0.21704	-0.0078873	1.0127
0.21729	0.00058357	1.1411
0.21753	-0.0052712	1.2711
0.21777	-0.0066467	1.3751
0.21802	-0.010906	1.4509
0.21826	-1.8919e-05	1.5044
0.21851	-0.010831	1.5041
0.21875	0.0020839	1.4796
0.21899	0.0053158	1.4091
0.21924	0.0093116	1.3022
0.21948	0.0073956	1.1743
0.21973	0.017526	1.017
0.21997	0.0046977	0.85074
0.22021	0.0077841	0.69428
0.22046	0.0049615	0.53423
0.2207	0.0039286	0.42077
0.22095	-0.0029931	0.32706
0.22119	0.0083093	0.28188
0.22144	0.000285	0.28573
0.22168	0.010019	0.32846
0.22192	0.012928	0.41716
0.22217	0.017991	0.54658
0.22241	0.012888	0.68631
0.22266	0.021711	0.86067
0.2229	0.013434	1.0173
0.22314	0.012564	1.1757
0.22339	0.013641	1.3083
0.22363	0.012248	1.407
0.22388	0.0077118	1.4691
0.22412	0.015474	1.4901
0.22437	0.013947	1.4511
0.22461	0.017003	1.3867
0.22485	0.020372	1.2585
0.2251	0.023441	1.1121
0.22534	0.016524	0.93365
0.22559	0.022249	0.74328
0.22583	0.015325	0.55515
0.22607	0.014528	0.38291
0.22632	0.013362	0.22591
0.22656	0.016677	0.12711
0.22681	0.011554	0.052382
0.22705	0.020325	0.048664
0.22729	0.022217	0.079326
0.22754	0.023583	0.1647
0.22778	0.028255	0.28898
0.22803	0.029984	0.44582
0.22827	0.026579	0.60994
0.22852	0.026285	0.7992
0.22876	0.025733	0.95808
0.229	0.019383	1.122
0.22925	0.020357	1.237
0.22949	0.021435	1.3224
0.22974	0.017216	1.3614
0.22998	0.023145	1.3565
0.23022	0.024202	1.2921
0.23047	0.026249	1.1987
0.23071	0.025799	1.0439
0.23096	0.032241	0.8874
0.2312	0.025399	0.68974
0.23145	0.027582	0.50131
0.23169	0.028279	0.3167
0.23193	0.024079	0.15787
0.23218	0.02542	0.026196
0.23242	0.027444	-0.051501
0.23267	0.027313	-0.10397
0.23291	0.026355	-0.078816
0.23315	0.0334	-0.03305
0.2334	0.028332	0.072131
0.23364	0.029873	0.19682
0.23389	0.031923	0.35466
0.23413	0.02733	0.51504
0.23438	0.025326	0.68812
0.23462	0.02304	0.82862
0.23486	0.024971	0.97256
0.23511	0.020317	1.0592
0.23535	0.025326	1.1295
0.2356	0.024226	1.1438
0.23584	0.026799	1.121
0.23608	0.025657	1.0502
0.23633	0.028867	0.94962
0.23657	0.027692	0.80045
0.23682	0.024704	0.65235
0.23706	0.028062	0.46794
0.2373	0.021475	0.30541
0.23755	0.022526	0.13942
0.23779	0.020383	0.0098373
0.23804	0.022459	-0.097519
0.23828	0.021399	-0.15565
0.23853	0.02351	-0.18608
0.23877	0.022664	-0.15473
0.23901	0.021868	-0.11101
0.23926	0.025766	-0.012123
0.2395	0.020818	0.091522
0.23975	0.024816	0.22515
0.23999	0.021008	0.35491
0.24023	0.022927	0.48902
0.24048	0.020176	0.59965
0.24072	0.022582	0.70949
0.24097	0.022379	0.77267
0.24121	0.021865	0.82525
0.24146	0.024751	0.8255
0.2417	0.021118	0.80582
0.24194	0.024756	0.74244
0.24219	0.021291	0.65694
0.24243	0.024748	0.53932
0.24268	0.020748	0.41941
0.24292	0.022693	0.27621
0.24316	0.021256	0.15332
0.24341	0.020533	0.024311
0.24365	0.022752	-0.071045
0.2439	0.020162	-0.15268
0.24414	0.023933	-0.19695
0.24438	0.019628	-0.21981
0.24463	0.023268	-0.19821
0.24487	0.019399	-0.16346
0.24512	0.022474	-0.090055
0.24536	0.020252	-0.013835
0.24561	0.02007	0.087503
0.24585	0.021183	0.18126
0.24609	0.017868	0.27948
0.24634	0.021732	0.35968
0.24658	0.017842	0.43202
0.24683	0.022247	0.47354
0.24707	0.018108	0.50369
0.24731	0.021069	0.49796
0.24756	0.018726	0.47957
0.2478	0.019302	0.43274
0.24805	0.020099	0.37206
0.24829	0.017874	0.29374
0.24854	0.02073	0.2137
0.24878	0.016552	0.12171
0.24902	0.020041	0.040685
0.24927	0.015894	-0.042903
0.24951	0.019075	-0.10955
0.24976	0.016119	-0.16856
0.25	0.016227	-0.20696
0.25024	0.016295	-0.22985
0.25049	0.013682	-0.22869
0.25073	0.016521	-0.21538
0.25098	0.013272	-0.17694
0.25122	0.017571	-0.13119
0.25146	0.013435	-0.065532
0.25171	0.01797	-0.0015684
0.25195	0.014063	0.064642
0.2522	0.01647	0.12465
0.25244	0.016145	0.17379
0.25269	0.014534	0.20607
0.25293	0.016204	0.22077
0.25317	0.013573	0.21836
0.25342	0.016029	0.20161
0.25366	0.012297	0.16971
0.25391	0.016624	0.12625
0.25415	0.013404	0.077498
0.25439	0.013981	0.027661
0.25464	0.01457	-0.02067
0.25488	0.011951	-0.064655
0.25513	0.013274	-0.10598
0.25537	0.011	-0.13876
0.25562	0.014188	-0.16801
0.25586	0.0083795	-0.19259
0.2561	0.014523	-0.20963
0.25635	0.010159	-0.22058
0.25659	0.011955	-0.22176
0.25684	0.012894	-0.21766
0.25708	0.013242	-0.20063
0.25732	0.012166	-0.17767
0.25757	0.012179	-0.14221
0.25781	0.014201	-0.10247
0.25806	0.0092273	-0.056695
0.2583	0.013764	-0.01607
0.25854	0.011801	0.020037
0.25879	0.010527	0.042325
0.25903	0.01163	0.05496
0.25928	0.011776	0.052435
0.25952	0.010742	0.039805
0.25977	0.0096723	0.010775
0.26001	0.014534	-0.018661
0.26025	0.0069096	-0.058284
0.2605	0.01154	-0.090906
0.26074	0.0098166	-0.12534
0.26099	0.0090941	-0.14689
0.26123	0.0083846	-0.16505
0.26147	0.012074	-0.17374
0.26172	0.0088024	-0.18246
0.26196	0.0079267	-0.18608
0.26221	0.013579	-0.19079
0.26245	0.007984	-0.19203
0.2627	0.010653	-0.19728
0.26294	0.012254	-0.19637
0.26318	0.0099141	-0.19891
0.26343	0.0083125	-0.19206
0.26367	0.012803	-0.18661
0.26392	0.010553	-0.16429
0.26416	0.0075879	-0.14162
0.2644	0.014759	-0.10457
0.26465	0.008768	-0.073523
0.26489	0.0085206	-0.037129
0.26514	0.01208	-0.013181
0.26538	0.010923	0.0047509
0.26562	0.0070877	0.0081773
0.26587	0.01246	0.0025538
0.26611	0.011054	-0.015992
0.26636	0.0052877	-0.041111
0.2666	0.0039152	-0.077333
0.26685	0.0087213	-0.10804
0.26709	0.0069509	-0.13927
0.26733	0.00043931	-0.15388
0.26758	0.008766	-0.16947
0.26782	0.0046891	-0.16968
0.26807	-0.0010039	-0.17466
0.26831	0.0073371	-0.17112
0.26855	0.0039596	-0.17272
0.2688	-0.0020951	-0.17021
0.26904	0.0044635	-0.17119
0.26929	0.0040094	-0.17098
0.26953	-0.0052379	-0.17397
0.26978	0.0031386	-0.17465
0.27002	0.0025566	-0.17265
0.27026	0.001844	-0.15749
0.27051	0.0023788	-0.13756
0.27075	0.00074199	-0.1012
0.271	0.0019727	-0.068739
0.27124	0.00039988	-0.028954
0.27148	0.0017037	-6.8811e-05
0.27173	0.00085361	0.029509
0.27197	0.0013226	0.043458
0.27222	0.0013561	0.049363
0.27246	0.00093263	0.037033
0.27271	0.001429	0.012309
0.27295	0.00026122	-0.022711
0.27319	0.001046	-0.059895
0.27344	5.7341e-05	-0.094788
0.27368	0.00069332	-0.12063
0.27393	0.0002811	-0.14028
0.27417	0.00035879	-0.15023
0.27441	0.00092934	-0.15955
0.27466	0.0003002	-0.15812
0.2749	0.0010732	-0.15882
0.27515	-0.00021498	-0.15062
0.27539	0.00048723	-0.1503
0.27563	-0.00085535	-0.14699
0.27588	-0.00079695	-0.14965
0.27612	-0.0014508	-0.1503
0.27637	-0.0016821	-0.14749
0.27661	-0.00122	-0.1376
0.27686	-0.0019549	-0.11859
0.2771	-0.00095259	-0.094287
0.27734	-0.0017514	-0.065006
0.27759	-0.00096728	-0.031943
0.27783	-0.0016231	-0.00071733
0.27808	-0.0017254	0.031751
0.27832	-0.0020303	0.051497
0.27856	-0.0025206	0.067029
0.27881	-0.0022473	0.063898
0.27905	-0.0029597	0.05219
0.2793	-0.0019027	0.026869
0.27954	-0.0024167	-0.00033256
0.27979	-0.0014081	-0.029079
0.28003	-0.0018422	-0.055932
0.28027	-0.0016974	-0.076728
0.28052	-0.0016959	-0.094436
0.28076	-0.0027435	-0.10353
0.28101	-0.0023422	-0.10817
0.28125	-0.003878	-0.10824
0.28149	-0.0031391	-0.104
0.28174	-0.0037891	-0.1033
0.28198	-0.0030974	-0.10179
0.28223	-0.0031112	-0.1084
0.28247	-0.0026162	-0.11138
0.28271	-0.0023979	-0.11914
0.28296	-0.0028226	-0.12047
0.2832	-0.0027267	-0.11933
0.28345	-0.0038949	-0.11451
0.28369	-0.0034844	-0.10249
0.28394	-0.0046524	-0.086692
0.28418	-0.004221	-0.062525
0.28442	-0.0042007	-0.03755
0.28467	-0.0039577	-0.011321
0.28491	-0.0030111	0.010722
0.28516	-0.0035592	0.025394
0.2854	-0.0027838	0.033321
0.28564	-0.0036525	0.030241
0.28589	-0.0037922	0.027298
0.28613	-0.0049174	0.018218
0.28638	-0.0051254	0.010961
0.28662	-0.0056927	0.0013085
0.28687	-0.005576	-0.0054205
0.28711	-0.0050622	-0.008034
0.28735	-0.0051816	-0.0098123
0.2876	-0.0038106	-0.0061272
0.28784	-0.0043276	-0.0057874
0.28809	-0.0037519	-0.005045
0.28833	-0.0045527	-0.011906
0.28857	-0.0049152	-0.022772
0.28882	-0.0055522	-0.034036
0.28906	-0.0061113	-0.050202
0.28931	-0.0061002	-0.063766
0.28955	-0.0060323	-0.079926
0.28979	-0.0051501	-0.09203
0.29004	-0.0048231	-0.10359
0.29028	-0.0040235	-0.10846
0.29053	-0.0041806	-0.1049
0.29077	-0.0041621	-0.095736
0.29102	-0.0048339	-0.079808
0.29126	-0.0062002	-0.0648
0.2915	-0.0064391	-0.045648
0.29175	-0.0075949	-0.029579
0.29199	-0.0072213	-0.011779
0.29224	-0.0071113	0.0056868
0.29248	-0.0063902	0.021533
0.29272	-0.005897	0.037008
0.29297	-0.0050448	0.045546
0.29321	-0.0055263	0.057225
0.29346	-0.0058724	0.067024
0.2937	-0.0066667	0.077757
0.29395	-0.00798	0.088151
0.29419	-0.0084421	0.09304
0.29443	-0.009221	0.096935
0.29468	-0.0086925	0.092516
0.29492	-0.0081972	0.084854
0.29517	-0.0073879	0.074679
0.29541	-0.0065404	0.062929
0.29565	-0.0065048	0.046496
0.2959	-0.0066339	0.02558
0.29614	-0.007179	0.0044616
0.29639	-0.0086303	-0.017193
0.29663	-0.0095751	-0.033847
0.29688	-0.0097099	-0.046856
0.29712	-0.010534	-0.05265
0.29736	-0.0094254	-0.054098
0.29761	-0.00863	-0.052949
0.29785	-0.0082624	-0.043732
0.2981	-0.0070137	-0.03121
0.29834	-0.0070533	-0.02595
0.29858	-0.0069103	-0.019704
0.29883	-0.0077798	-0.010541
0.29907	-0.008359	0.00092376
0.29932	-0.0086955	0.0094459
0.29956	-0.0086829	0.021026
0.2998	-0.0081459	0.031837
0.30005	-0.0063736	0.042742
0.30029	-0.0055893	0.050361
0.30054	-0.0043958	0.052503
0.30078	-0.003203	0.051456
0.30103	-0.0040426	0.04581
0.30127	-0.0042466	0.037502
0.30151	-0.0049055	0.026761
0.30176	-0.0062098	0.015608
0.302	-0.0061861	0.013792
0.30225	-0.0063888	0.0096476
0.30249	-0.0054184	0.0029443
0.30273	-0.0043025	-0.0073127
0.30298	-0.0034276	-0.019723
0.30322	-0.0029419	-0.037522
0.30347	-0.002993	-0.055779
0.30371	-0.0042773	-0.076472
0.30396	-0.0052245	-0.097126
0.3042	-0.0066216	-0.1143
0.30444	-0.0077364	-0.12833
0.30469	-0.0072717	-0.13488
0.30493	-0.0071297	-0.13905
0.30518	-0.0056782	-0.1381
0.30542	-0.0043179	-0.132
0.30566	-0.0037416	-0.12443
0.30591	-0.0028802	-0.11389
0.30615	-0.0033531	-0.10173
0.3064	-0.0041794	-0.086883
0.30664	-0.0049533	-0.072175
0.30688	-0.0059321	-0.057177
0.30713	-0.0062954	-0.041456
0.30737	-0.0056019	-0.025121
0.30762	-0.0050891	-0.0094768
0.30786	-0.0037631	0.0039051
0.30811	-0.0026028	0.018679
0.30835	-0.0026225	0.030028
0.30859	-0.0021449	0.038797
0.30884	-0.0032332	0.043413
0.30908	-0.0042891	0.044775
0.30933	-0.0048007	0.04367
0.30957	-0.0057981	0.035201
0.30981	-0.0054061	0.024384
0.31006	-0.0046661	0.0080218
0.3103	-0.0040895	-0.011361
0.31055	-0.0026952	-0.031981
0.31079	-0.0025271	-0.054256
0.31104	-0.0026163	-0.072283
0.31128	-0.0030382	-0.087785
0.31152	-0.0044113	-0.098635
0.31177	-0.0054307	-0.10476
0.31201	-0.0059667	-0.1054
0.31226	-0.0065058	-0.10061
0.3125	-0.0057303	-0.09369
0.31274	-0.0047377	-0.084897
0.31299	-0.0040634	-0.07477
0.31323	-0.0024667	-0.065196
0.31348	-0.002613	-0.058088
0.31372	-0.0026005	-0.05019
0.31396	-0.0028874	-0.042351
0.31421	-0.0045911	-0.034882
0.31445	-0.0047269	-0.026062
0.3147	-0.0057057	-0.018034
0.31494	-0.0054539	-0.0084142
0.31519	-0.0044754	0.00065781
0.31543	-0.0039212	0.0094195
0.31567	-0.0028241	0.017778
0.31592	-0.0021103	0.022401
0.31616	-0.0020391	0.025709
0.31641	-0.0024603	0.02612
0.31665	-0.0025562	0.024711
0.31689	-0.0038311	0.021994
0.31714	-0.0033632	0.017097
0.31738	-0.0037239	0.012957
0.31763	-0.0036105	0.0082487
0.31787	-0.001872	0.0023936
0.31812	-0.0022583	-0.0028343
0.31836	-0.00064299	-0.0071436
0.3186	-0.00090794	-0.012312
0.31885	-0.0011109	-0.017581
0.31909	-0.00091859	-0.024333
0.31934	-0.0019229	-0.031752
