-0.2395	-0.034079	-0.05703
-0.23926	-0.065621	-0.06376
-0.23901	-0.051941	-0.051567
-0.23877	-0.048334	-0.059188
-0.23853	-0.039166	-0.057792
-0.23828	-0.048536	-0.056501
-0.23804	-0.058418	-0.063147
-0.23779	-0.058266	-0.057328
-0.23755	-0.071911	-0.06124
-0.2373	-0.067738	-0.058593
-0.23706	-0.067572	-0.06327
-0.23682	-0.07694	-0.061486
-0.23657	-0.073395	-0.067249
-0.23633	-0.073611	-0.058592
-0.23608	-0.073998	-0.067453
-0.23584	-0.058421	-0.060442
-0.2356	-0.056156	-0.061068
-0.23535	-0.053612	-0.066153
-0.23511	-0.054706	-0.056726
-0.23486	-0.077437	-0.069497
-0.23462	-0.085125	-0.056447
-0.23438	-0.091496	-0.063508
-0.23413	-0.096777	-0.057651
-0.23389	-0.077377	-0.055382
-0.23364	-0.065558	-0.059364
-0.2334	-0.062752	-0.055746
-0.23315	-0.049088	-0.056595
-0.23291	-0.060477	-0.056612
-0.23267	-0.067976	-0.054096
-0.23242	-0.06648	-0.052637
-0.23218	-0.084688	-0.053809
-0.23193	-0.079132	-0.047315
-0.23169	-0.082961	-0.053021
-0.23145	-0.09732	-0.044899
-0.2312	-0.081329	-0.049081
-0.23096	-0.080876	-0.049444
-0.23071	-0.073143	-0.043794
-0.23047	-0.041589	-0.049959
-0.23022	-0.049817	-0.040415
-0.22998	-0.041283	-0.042592
-0.22974	-0.045078	-0.040273
-0.22949	-0.079704	-0.037937
-0.22925	-0.076216	-0.041472
-0.229	-0.09116	-0.037536
-0.22876	-0.09186	-0.037216
-0.22852	-0.057806	-0.036928
-0.22827	-0.057143	-0.03147
-0.22803	-0.03891	-0.0336
-0.22778	-0.016184	-0.031275
-0.22754	-0.035999	-0.028009
-0.22729	-0.023483	-0.031938
-0.22705	-0.031876	-0.024577
-0.22681	-0.055425	-0.030146
-0.22656	-0.041213	-0.024415
-0.22632	-0.065123	-0.023879
-0.22607	-0.071727	-0.023986
-0.22583	-0.053549	-0.018682
-0.22559	-0.063047	-0.021545
-0.22534	-0.033253	-0.01842
-0.2251	-0.0032236	-0.020128
-0.22485	-0.012077	-0.018816
-0.22461	0.012782	-0.01822
-0.22437	-0.0046939	-0.014606
-0.22412	-0.041097	-0.015317
-0.22388	-0.035526	-0.012788
-0.22363	-0.069397	-0.013392
-0.22339	-0.064021	-0.013953
-0.22314	-0.033745	-0.010027
-0.2229	-0.045302	-0.01536
-0.22266	-0.011188	-0.0087704
-0.22241	0.0043289	-0.012682
-0.22217	-0.015635	-0.0085154
-0.22192	0.019017	-0.0053265
-0.22168	-0.0016701	-0.010483
-0.22144	-0.015166	-0.003073
-0.22119	0.0036293	-0.010967
-0.22095	-0.046516	-0.004537
-0.2207	-0.045287	-0.0063202
-0.22046	-0.041741	-0.0057298
-0.22021	-0.065716	-0.00024004
-0.21997	-0.012688	-0.0052201
-0.21973	0.0011287	0.0024088
-0.21948	0.0039764	-0.0034
-0.21924	0.04476	0.00098405
-0.21899	0.001725	-5.3596e-05
-0.21875	-0.010841	-0.00079157
-0.21851	-0.01219	0.0027653
-0.21826	-0.060722	-0.00074778
-0.21802	-0.034992	0.0061765
-0.21777	-0.038238	0.0010431
-0.21753	-0.053998	0.0068311
-0.21729	-0.018125	0.0028702
-0.21704	-0.03198	0.0036959
-0.2168	-0.027043	0.0060545
-0.21655	0.0090325	0.0020849
-0.21631	-0.016038	0.0089174
-0.21606	-0.0015684	0.0021895
-0.21582	-0.0074572	0.0093098
-0.21558	-0.058508	0.0034966
-0.21533	-0.053777	0.0060614
-0.21509	-0.07736	0.0079849
-0.21484	-0.084388	0.0021016
-0.2146	-0.041528	0.010445
-0.21436	-0.041167	0.0014075
-0.21411	-0.026086	0.010462
-0.21387	-0.0037895	0.0048755
-0.21362	-0.038976	0.0077522
-0.21338	-0.032219	0.0088081
-0.21313	-0.033779	0.0026794
-0.21289	-0.062899	0.011779
-0.21265	-0.038666	0.0010826
-0.2124	-0.060466	0.010112
-0.21216	-0.075316	0.0039187
-0.21191	-0.054518	0.0059375
-0.21167	-0.072301	0.0083751
-0.21143	-0.052539	0.00062444
-0.21118	-0.022381	0.0099525
-0.21094	-0.03745	-0.0017925
-0.21069	-0.016229	0.0082518
-0.21045	-0.030952	0.00045266
-0.21021	-0.068442	0.0021141
-0.20996	-0.054856	0.0042225
-0.20972	-0.082074	-0.0032783
-0.20947	-0.075219	0.0064708
-0.20923	-0.049703	-0.0064452
-0.20898	-0.064801	0.0040373
-0.20874	-0.047194	-0.006051
-0.2085	-0.04445	-0.0022262
-0.20825	-0.061921	-0.0013257
-0.20801	-0.036639	-0.0091075
-0.20776	-0.04238	0.0019861
-0.20752	-0.049339	-0.012426
-0.20728	-0.0364	-0.00029503
-0.20703	-0.069472	-0.013625
-0.20679	-0.067635	-0.0076926
-0.20654	-0.06595	-0.010153
-0.2063	-0.080153	-0.018705
-0.20605	-0.053516	-0.0066431
-0.20581	-0.047168	-0.025922
-0.20557	-0.047009	-0.0092502
-0.20532	-0.030424	-0.024839
-0.20508	-0.047693	-0.019735
-0.20483	-0.050803	-0.019912
-0.20459	-0.034116	-0.031684
-0.20435	-0.047844	-0.017209
-0.2041	-0.028015	-0.037989
-0.20386	-0.02468	-0.020615
-0.20361	-0.034138	-0.034768
-0.20337	-0.0038954	-0.029423
-0.20312	2.0615e-05	-0.029103
-0.20288	0.015962	-0.040551
-0.20264	0.049088	-0.025195
-0.20239	0.046952	-0.045693
-0.20215	0.06555	-0.029314
-0.2019	0.087812	-0.043537
-0.20166	0.077074	-0.037815
-0.20142	0.10721	-0.034724
-0.20117	0.11822	-0.047371
-0.20093	0.12728	-0.031267
-0.20068	0.17549	-0.05229
-0.20044	0.17916	-0.035523
-0.2002	0.19883	-0.051219
-0.19995	0.23215	-0.048617
-0.19971	0.23186	-0.044105
-0.19946	0.26548	-0.057125
-0.19922	0.29428	-0.037982
-0.19897	0.2916	-0.059611
-0.19873	0.33297	-0.041714
-0.19849	0.34355	-0.051319
-0.19824	0.34797	-0.050915
-0.198	0.39749	-0.045092
-0.19775	0.40084	-0.059807
-0.19751	0.42819	-0.039356
-0.19727	0.46541	-0.056571
-0.19702	0.46063	-0.041468
-0.19678	0.49838	-0.048534
-0.19653	0.52573	-0.046298
-0.19629	0.51951	-0.03525
-0.19604	0.5669	-0.050835
-0.1958	0.58292	-0.034231
-0.19556	0.5953	-0.049408
-0.19531	0.64782	-0.035977
-0.19507	0.6434	-0.041645
-0.19482	0.67266	-0.043703
-0.19458	0.71634	-0.031374
-0.19434	0.71049	-0.040773
-0.19409	0.75162	-0.025134
-0.19385	0.78055	-0.041515
-0.1936	0.77917	-0.030749
-0.19336	0.82572	-0.03387
-0.19312	0.83272	-0.034359
-0.19287	0.8451	-0.026027
-0.19263	0.90177	-0.036809
-0.19238	0.89356	-0.016724
-0.19214	0.91595	-0.025546
-0.19189	0.95533	-0.016609
-0.19165	0.95528	-0.019692
-0.19141	0.99731	-0.017167
-0.19116	1.0166	-0.006462
-0.19092	1.0128	-0.019467
-0.19067	1.0635	-0.0059248
-0.19043	1.0748	-0.014194
-0.19019	1.0827	0.0018554
-0.18994	1.1319	-0.00085023
-0.1897	1.1321	-0.0020491
-0.18945	1.1608	0.0087016
-0.18921	1.193	-1.1204e-05
-0.18896	1.1883	0.01433
-0.18872	1.2282	-0.0019564
-0.18848	1.249	0.0090329
-0.18823	1.2443	0.011321
-0.18799	1.2871	0.012402
-0.18774	1.3048	0.019118
-0.1875	1.3171	0.0074393
-0.18726	1.3526	0.02848
-0.18701	1.3483	0.016478
-0.18677	1.38	0.023746
-0.18652	1.4182	0.017545
-0.18628	1.4134	0.019056
-0.18604	1.4413	0.034516
-0.18579	1.468	0.020136
-0.18555	1.4824	0.0369
-0.1853	1.5201	0.027024
-0.18506	1.5341	0.042
-0.18481	1.5492	0.037805
-0.18457	1.5954	0.028104
-0.18433	1.6025	0.041557
-0.18408	1.6228	0.030176
-0.18384	1.6595	0.048642
-0.18359	1.6756	0.03054
-0.18335	1.7071	0.040329
-0.18311	1.7293	0.048587
-0.18286	1.746	0.043378
-0.18262	1.797	0.055281
-0.18237	1.8291	0.032943
-0.18213	1.8416	0.05292
-0.18188	1.8813	0.043595
-0.18164	1.9118	0.043714
-0.1814	1.9481	0.048121
-0.18115	1.9836	0.040468
-0.18091	1.9955	0.06387
-0.18066	2.0394	0.04432
-0.18042	2.086	0.052631
-0.18018	2.1032	0.046961
-0.17993	2.1327	0.046866
-0.17969	2.171	0.057547
-0.17944	2.2045	0.032276
-0.1792	2.2431	0.049307
-0.17896	2.2515	0.040634
-0.17871	2.2768	0.048305
-0.17847	2.3291	0.047245
-0.17822	2.3493	0.031431
-0.17798	2.3656	0.050273
-0.17773	2.3897	0.031346
-0.17749	2.4246	0.037081
-0.17725	2.4652	0.024814
-0.177	2.4745	0.0227
-0.17676	2.4807	0.039929
-0.17651	2.5277	0.017631
-0.17627	2.56	0.031978
-0.17603	2.5672	0.016708
-0.17578	2.5769	0.025538
-0.17554	2.5973	0.025352
-0.17529	2.6402	0.00012484
-0.17505	2.6522	0.016952
-0.1748	2.6408	-0.0025285
-0.17456	2.666	0.014039
-0.17432	2.7009	0.0014746
-0.17407	2.7098	-0.0067242
-0.17383	2.7005	0.012937
-0.17358	2.7035	-0.0093509
-0.17334	2.7374	0.0043954
-0.1731	2.7553	-0.021316
-0.17285	2.7295	-0.011369
-0.17261	2.7277	-0.006622
-0.17236	2.753	-0.028797
-0.17212	2.767	-0.011824
-0.17188	2.7467	-0.033717
-0.17163	2.7207	-0.010968
-0.17139	2.7372	-0.021574
-0.17114	2.7583	-0.032339
-0.1709	2.731	-0.023815
-0.17065	2.6946	-0.043003
-0.17041	2.6969	-0.022761
-0.17017	2.7115	-0.050685
-0.16992	2.6908	-0.041321
-0.16968	2.6374	-0.032082
-0.16943	2.6216	-0.043803
-0.16919	2.6377	-0.03322
-0.16895	2.6139	-0.06033
-0.1687	2.5595	-0.037012
-0.16846	2.5266	-0.047267
-0.16821	2.5336	-0.055863
-0.16797	2.5189	-0.046561
-0.16772	2.4553	-0.064214
-0.16748	2.4054	-0.042386
-0.16724	2.4065	-0.060492
-0.16699	2.3969	-0.055051
-0.16675	2.3346	-0.053289
-0.1665	2.2725	-0.060398
-0.16626	2.2597	-0.044553
-0.16602	2.2587	-0.074754
-0.16577	2.1997	-0.061233
-0.16553	2.1253	-0.058807
-0.16528	2.1012	-0.060567
-0.16504	2.0978	-0.0574
-0.16479	2.0468	-0.069463
-0.16455	1.9656	-0.04558
-0.16431	1.9278	-0.064023
-0.16406	1.9262	-0.061803
-0.16382	1.8851	-0.058107
-0.16357	1.797	-0.062077
-0.16333	1.7459	-0.047275
-0.16309	1.7419	-0.065117
-0.16284	1.7091	-0.049923
-0.1626	1.6261	-0.057359
-0.16235	1.5607	-0.051041
-0.16211	1.5536	-0.039886
-0.16187	1.53	-0.061157
-0.16162	1.4512	-0.043071
-0.16138	1.3773	-0.045305
-0.16113	1.3654	-0.041503
-0.16089	1.3514	-0.047449
-0.16064	1.2795	-0.047497
-0.1604	1.2	-0.024547
-0.16016	1.1751	-0.041652
-0.15991	1.1709	-0.03191
-0.15967	1.1066	-0.030978
-0.15942	1.021	-0.028982
-0.15918	0.99019	-0.019379
-0.15894	0.9853	-0.02464
-0.15869	0.9357	-0.0096425
-0.15845	0.84947	-0.013232
-0.1582	0.81127	0.0016825
-0.15796	0.81242	0.012496
-0.15771	0.77578	0.0065817
-0.15747	0.69388	0.018201
-0.15723	0.64886	0.022159
-0.15698	0.6526	0.036621
-0.15674	0.62591	0.033677
-0.15649	0.55079	0.044861
-0.15625	0.49207	0.062652
-0.15601	0.4907	0.053887
-0.15576	0.47368	0.068909
-0.15552	0.39696	0.076377
-0.15527	0.33176	0.081728
-0.15503	0.31904	0.084668
-0.15479	0.30635	0.094161
-0.15454	0.23882	0.10375
-0.1543	0.16566	0.091999
-0.15405	0.14807	0.11085
-0.15381	0.14309	0.11443
-0.15356	0.086735	0.11544
-0.15332	0.012117	0.13151
-0.15308	-0.0095052	0.12444
-0.15283	-0.0080547	0.13399
-0.15259	-0.05009	0.13755
-0.15234	-0.12413	0.13921
-0.1521	-0.15687	0.15323
-0.15186	-0.15241	0.15059
-0.15161	-0.18622	0.14732
-0.15137	-0.25638	0.16709
-0.15112	-0.2956	0.16714
-0.15088	-0.29437	0.15298
-0.15063	-0.31467	0.17654
-0.15039	-0.37636	0.17608
-0.15015	-0.41685	0.16533
-0.1499	-0.41116	0.1889
-0.14966	-0.41622	0.17654
-0.14941	-0.46448	0.16939
-0.14917	-0.50269	0.19256
-0.14893	-0.49563	0.18061
-0.14868	-0.48857	0.18151
-0.14844	-0.52339	0.19321
-0.14819	-0.56092	0.1747
-0.14795	-0.55611	0.18486
-0.14771	-0.54164	0.19197
-0.14746	-0.56457	0.17065
-0.14722	-0.59507	0.18614
-0.14697	-0.5886	0.1917
-0.14673	-0.5669	0.16146
-0.14648	-0.57471	0.1818
-0.14624	-0.5979	0.18562
-0.146	-0.58859	0.15161
-0.14575	-0.55938	0.18645
-0.14551	-0.55575	0.17989
-0.14526	-0.57167	0.14161
-0.14502	-0.5634	0.17505
-0.14478	-0.53394	0.15963
-0.14453	-0.52373	0.13812
-0.14429	-0.53333	0.17595
-0.14404	-0.52571	0.14648
-0.1438	-0.49694	0.12918
-0.14355	-0.4867	0.1699
-0.14331	-0.49769	0.12623
-0.14307	-0.49163	0.12348
-0.14282	-0.46468	0.15827
-0.14258	-0.4505	0.10761
-0.14233	-0.46074	0.12738
-0.14209	-0.45867	0.15619
-0.14185	-0.43424	0.090246
-0.1416	-0.42191	0.11888
-0.14136	-0.43389	0.14179
-0.14111	-0.43792	0.081995
-0.14087	-0.42147	0.1311
-0.14062	-0.41794	0.13449
-0.14038	-0.44024	0.07607
-0.14014	-0.45482	0.12842
-0.13989	-0.44268	0.1189
-0.13965	-0.43713	0.072263
-0.1394	-0.4622	0.13979
-0.13916	-0.48129	0.12287
-0.13892	-0.46722	0.079568
-0.13867	-0.44895	0.15226
-0.13843	-0.46194	0.10396
-0.13818	-0.47788	0.081875
-0.13794	-0.45792	0.1641
-0.1377	-0.42575	0.11046
-0.13745	-0.42299	0.10856
-0.13721	-0.43358	0.18087
-0.13696	-0.41205	0.10744
-0.13672	-0.37064	0.12
-0.13647	-0.35779	0.19525
-0.13623	-0.3676	0.11239
-0.13599	-0.35172	0.16245
-0.13574	-0.30453	0.21903
-0.1355	-0.27719	0.12744
-0.13525	-0.28047	0.18977
-0.13501	-0.26422	0.2202
-0.13477	-0.20328	0.14275
-0.13452	-0.14569	0.23826
-0.13428	-0.1227	0.25589
-0.13403	-0.093348	0.17628
-0.13379	-0.018972	0.27328
-0.13354	0.066442	0.25413
-0.1333	0.11824	0.20182
-0.13306	0.1554	0.31975
-0.13281	0.22552	0.28626
-0.13257	0.31445	0.24928
-0.13232	0.37432	0.35772
-0.13208	0.40667	0.29434
-0.13184	0.45781	0.27698
-0.13159	0.53577	0.39532
-0.13135	0.59795	0.31701
-0.1311	0.62804	0.33495
-0.13086	0.66746	0.42991
-0.13062	0.73968	0.32836
-0.13037	0.81082	0.36471
-0.13013	0.85061	0.44411
-0.12988	0.88321	0.34826
-0.12964	0.9407	0.41607
-0.12939	1.0073	0.47422
-0.12915	1.0459	0.36255
-0.12891	1.0599	0.44634
-0.12866	1.0832	0.46538
-0.12842	1.1182	0.37397
-0.12817	1.1357	0.48511
-0.12793	1.1232	0.47708
-0.12769	1.1054	0.39932
-0.12744	1.1015	0.49897
-0.1272	1.0946	0.45646
-0.12695	1.0617	0.40186
-0.12671	1.0151	0.51723
-0.12646	0.98039	0.45836
-0.12622	0.95423	0.42623
-0.12598	0.91026	0.51448
-0.12573	0.84701	0.42455
-0.12549	0.78668	0.42025
-0.12524	0.7392	0.50357
-0.125	0.68579	0.41693
-0.12476	0.61099	0.43474
-0.12451	0.52544	0.48929
-0.12427	0.45261	0.38416
-0.12402	0.38798	0.41657
-0.12378	0.30401	0.44974
-0.12354	0.19916	0.35973
-0.12329	0.1065	0.41551
-0.12305	0.033681	0.42225
-0.1228	-0.047613	0.33496
-0.12256	-0.14802	0.38378
-0.12231	-0.24293	0.36653
-0.12207	-0.3155	0.29945
-0.12183	-0.37791	0.3661
-0.12158	-0.45174	0.33348
-0.12134	-0.53315	0.27987
-0.12109	-0.59664	0.32433
-0.12085	-0.63816	0.26585
-0.12061	-0.68948	0.23654
-0.12036	-0.75856	0.28504
-0.12012	-0.81699	0.23596
-0.11987	-0.85291	0.21899
-0.11963	-0.89275	0.23978
-0.11938	-0.94683	0.17132
-0.11914	-0.99356	0.16575
-0.1189	-1.0239	0.18608
-0.11865	-1.0462	0.13876
-0.11841	-1.0731	0.14648
-0.11816	-1.1043	0.14479
-0.11792	-1.1195	0.092097
-0.11768	-1.1114	0.094819
-0.11743	-1.1068	0.091991
-0.11719	-1.1163	0.057558
-0.11694	-1.1109	0.072061
-0.1167	-1.0812	0.060649
-0.11646	-1.0524	0.027648
-0.11621	-1.0375	0.027961
-0.11597	-1.0216	0.012161
-0.11572	-0.9941	-0.0053684
-0.11548	-0.95944	0.003418
-0.11523	-0.92684	-0.0024004
-0.11499	-0.90723	-0.021608
-0.11475	-0.8853	-0.025793
-0.1145	-0.84237	-0.043565
-0.11426	-0.79897	-0.056912
-0.11401	-0.7761	-0.051449
-0.11377	-0.75192	-0.05209
-0.11353	-0.7092	-0.061245
-0.11328	-0.66691	-0.067204
-0.11304	-0.63802	-0.076768
-0.11279	-0.61332	-0.091586
-0.11255	-0.58505	-0.084522
-0.1123	-0.55073	-0.081399
-0.11206	-0.51559	-0.092055
-0.11182	-0.49485	-0.089288
-0.11157	-0.47936	-0.096271
-0.11133	-0.44528	-0.11239
-0.11108	-0.40571	-0.099395
-0.11084	-0.38403	-0.099253
-0.1106	-0.3651	-0.10983
-0.11035	-0.33115	-0.095031
-0.11011	-0.29546	-0.10411
-0.10986	-0.26968	-0.11478
-0.10962	-0.2473	-0.099077
-0.10938	-0.22598	-0.10868
-0.10913	-0.20146	-0.1116
-0.10889	-0.17355	-0.090495
-0.10864	-0.15695	-0.10467
-0.1084	-0.15057	-0.10194
-0.10815	-0.13161	-0.08848
-0.10791	-0.10847	-0.1071
-0.10767	-0.10133	-0.093635
-0.10742	-0.097639	-0.080933
-0.10718	-0.083172	-0.095176
-0.10693	-0.068772	-0.078188
-0.10669	-0.060523	-0.075909
-0.10645	-0.052833	-0.092676
-0.1062	-0.044608	-0.068992
-0.10596	-0.033599	-0.069073
-0.10571	-0.018299	-0.076291
-0.10547	-0.010229	-0.052283
-0.10522	-0.0098101	-0.063299
-0.10498	0.0013991	-0.065841
-0.10474	0.019169	-0.043693
-0.10449	0.021844	-0.055652
-0.10425	0.020678	-0.049269
-0.104	0.030899	-0.031919
-0.10376	0.039669	-0.048007
-0.10352	0.042845	-0.034209
-0.10327	0.04488	-0.023428
-0.10303	0.043759	-0.038333
-0.10278	0.046394	-0.020802
-0.10254	0.054575	-0.017943
-0.10229	0.056384	-0.027615
-0.10205	0.050072	-0.0068562
-0.10181	0.049113	-0.010354
-0.10156	0.056022	-0.017716
-0.10132	0.056433	0.00050033
-0.10107	0.049409	-0.0088653
-0.10083	0.049083	-0.0058827
-0.10059	0.048548	0.011058
-0.10034	0.045409	-0.0018533
-0.1001	0.048723	0.0039592
-0.099854	0.043939	0.012865
-0.099609	0.038529	6.6714e-05
-0.099365	0.04436	0.011976
-0.099121	0.043393	0.017786
-0.098877	0.040452	0.006173
-0.098633	0.041187	0.019234
-0.098389	0.040444	0.017566
-0.098145	0.04312	0.0096532
-0.0979	0.04496	0.023528
-0.097656	0.046425	0.017866
-0.097412	0.048484	0.014828
-0.097168	0.044121	0.026233
-0.096924	0.047299	0.017479
-0.09668	0.049061	0.016828
-0.096436	0.037857	0.022661
-0.096191	0.039104	0.0086045
-0.095947	0.036523	0.011386
-0.095703	0.025243	0.013606
-0.095459	0.028004	-0.00023133
-0.095215	0.022785	0.0035478
-0.094971	0.014214	0.00082722
-0.094727	0.013606	-0.011284
-0.094482	0.0096327	-0.0067906
-0.094238	0.008297	-0.011596
-0.093994	0.0033811	-0.022019
-0.09375	-0.00036657	-0.01922
-0.093506	0.0038331	-0.028277
-0.093262	-0.0014571	-0.035709
-0.093018	0.0040866	-0.031716
-0.092773	0.0094316	-0.040051
-0.092529	0.00063369	-0.042251
-0.092285	0.011514	-0.040025
-0.092041	0.013394	-0.049128
-0.091797	0.008416	-0.048374
-0.091553	0.019404	-0.046614
-0.091309	0.01117	-0.057007
-0.091064	0.013974	-0.055233
-0.09082	0.023131	-0.055769
-0.090576	0.0099197	-0.065419
-0.090332	0.022793	-0.060323
-0.090088	0.019746	-0.062503
-0.089844	0.0099445	-0.071935
-0.0896	0.034208	-0.066428
-0.089355	0.01664	-0.071534
-0.089111	0.01465	-0.077924
-0.088867	0.037459	-0.070331
-0.088623	0.0098591	-0.078406
-0.088379	0.024412	-0.081928
-0.088135	0.037649	-0.075644
-0.087891	0.0055956	-0.086792
-0.087646	0.035432	-0.085829
-0.087402	0.029822	-0.078336
-0.087158	0.010159	-0.096872
-0.086914	0.047689	-0.08745
-0.08667	0.018374	-0.083218
-0.086426	0.021779	-0.10383
-0.086182	0.05054	-0.08827
-0.085938	0.0076586	-0.089046
-0.085693	0.034855	-0.10712
-0.085449	0.042249	-0.087401
-0.085205	0.00089705	-0.096229
-0.084961	0.048525	-0.10936
-0.084717	0.027528	-0.087435
-0.084473	0.0025092	-0.10412
-0.084229	0.054914	-0.10698
-0.083984	0.0080529	-0.086055
-0.08374	0.011837	-0.11355
-0.083496	0.04709	-0.097254
-0.083252	-0.010553	-0.086132
-0.083008	0.023077	-0.1189
-0.082764	0.028518	-0.086967
-0.08252	-0.019038	-0.086517
-0.082275	0.033452	-0.12002
-0.082031	0.0048161	-0.07477
-0.081787	-0.016479	-0.08897
-0.081543	0.038341	-0.11517
-0.081299	-0.018129	-0.062096
-0.081055	-0.0067943	-0.092571
-0.080811	0.02831	-0.10286
-0.080566	-0.038699	-0.049828
-0.080322	0.0073953	-0.094954
-0.080078	0.013429	-0.083814
-0.079834	-0.042458	-0.040735
-0.07959	0.02086	-0.095095
-0.079346	-0.010171	-0.059632
-0.079102	-0.036425	-0.03479
-0.078857	0.023565	-0.090774
-0.078613	-0.033134	-0.033517
-0.078369	-0.022159	-0.034491
-0.078125	0.014636	-0.079775
-0.077881	-0.055251	-0.0051863
-0.077637	-0.011988	-0.035555
-0.077393	-0.0066052	-0.059879
-0.077148	-0.061313	0.019253
-0.076904	0.0045	-0.040361
-0.07666	-0.030269	-0.034423
-0.076416	-0.060281	0.038747
-0.076172	-0.0043571	-0.044625
-0.075928	-0.062235	-0.0047686
-0.075684	-0.054476	0.04935
-0.075439	-0.020108	-0.048254
-0.075195	-0.082727	0.025465
-0.074951	-0.05146	0.049918
-0.074707	-0.049998	-0.047376
-0.074463	-0.097751	0.051812
-0.074219	-0.051377	0.039456
-0.073975	-0.076942	-0.040327
-0.07373	-0.097918	0.071648
-0.073486	-0.06597	0.021858
-0.073242	-0.10384	-0.026179
-0.072998	-0.10611	0.083516
-0.072754	-0.090041	-0.00055846
-0.07251	-0.12208	-0.0068372
-0.072266	-0.11593	0.084281
-0.072021	-0.10876	-0.023647
-0.071777	-0.13351	0.018015
-0.071533	-0.12683	0.073322
-0.071289	-0.12636	-0.041975
-0.071045	-0.14191	0.042891
-0.070801	-0.13995	0.051561
-0.070557	-0.1352	-0.053372
-0.070312	-0.15341	0.062526
-0.070068	-0.14959	0.018009
-0.069824	-0.14165	-0.059939
-0.06958	-0.17222	0.072152
-0.069336	-0.15351	-0.024542
-0.069092	-0.15575	-0.059976
-0.068848	-0.17795	0.068913
-0.068604	-0.14367	-0.069709
-0.068359	-0.1671	-0.054271
-0.068115	-0.17702	0.0529
-0.067871	-0.14853	-0.10907
-0.067627	-0.17891	-0.045819
-0.067383	-0.16536	0.022431
-0.067139	-0.15268	-0.13993
-0.066895	-0.18176	-0.037669
-0.06665	-0.15453	-0.019046
-0.066406	-0.15648	-0.15472
-0.066162	-0.17377	-0.031201
-0.065918	-0.14374	-0.067707
-0.065674	-0.16307	-0.15253
-0.06543	-0.15648	-0.029652
-0.065186	-0.14456	-0.11644
-0.064941	-0.15983	-0.13637
-0.064697	-0.13351	-0.035559
-0.064453	-0.13984	-0.16128
-0.064209	-0.13521	-0.11
-0.063965	-0.13843	-0.050231
-0.063721	-0.14349	-0.19585
-0.063477	-0.12368	-0.09013
-0.063232	-0.13214	-0.092352
-0.062988	-0.12315	-0.24877
-0.062744	-0.12952	-0.093466
-0.0625	-0.14788	-0.15139
-0.062256	-0.1359	-0.2779
-0.062012	-0.13909	-0.10048
-0.061768	-0.13514	-0.2074
-0.061523	-0.098364	-0.28452
-0.061279	-0.11972	-0.11395
-0.061035	-0.11727	-0.25435
-0.060791	-0.1119	-0.27015
-0.060547	-0.13484	-0.13477
-0.060303	-0.07071	-0.28244
-0.060059	-0.080293	-0.23709
-0.059814	-0.07	-0.1483
-0.05957	-0.043162	-0.26722
-0.059326	-0.079869	-0.1525
-0.059082	-0.03334	-0.13478
-0.058838	-0.020895	-0.20923
-0.058594	-0.017473	-0.059846
-0.05835	0.039639	-0.11386
-0.058105	0.022754	-0.12376
-0.057861	0.020559	0.037919
-0.057617	0.048698	-0.076351
-0.057373	0.025846	-0.014604
-0.057129	0.074703	0.13725
-0.056885	0.092173	-0.01515
-0.056641	0.057128	0.11261
-0.056396	0.102	0.23475
-0.056152	0.081145	0.070498
-0.055908	0.09274	0.24723
-0.055664	0.13743	0.32554
-0.05542	0.12217	0.17917
-0.055176	0.16859	0.38085
-0.054932	0.18349	0.40779
-0.054688	0.18945	0.30632
-0.054443	0.23498	0.50423
-0.054199	0.26606	0.48152
-0.053955	0.30487	0.44511
-0.053711	0.34354	0.61123
-0.053467	0.3828	0.54651
-0.053223	0.4377	0.58329
-0.052979	0.50294	0.69579
-0.052734	0.56781	0.60297
-0.05249	0.61987	0.70501
-0.052246	0.67202	0.74798
-0.052002	0.75143	0.64235
-0.051758	0.79923	0.79576
-0.051514	0.87508	0.7633
-0.05127	0.95889	0.66057
-0.051025	0.98292	0.83812
-0.050781	1.0624	0.73382
-0.050537	1.0799	0.64681
-0.050293	1.1017	0.81684
-0.050049	1.1865	0.65354
-0.049805	1.1853	0.58875
-0.049561	1.2085	0.72132
-0.049316	1.2177	0.5202
-0.049072	1.1597	0.48205
-0.048828	1.1608	0.55539
-0.048584	1.1334	0.34039
-0.04834	1.0625	0.32498
-0.048096	1.0466	0.32309
-0.047852	0.94828	0.12266
-0.047607	0.83124	0.12592
-0.047363	0.74746	0.045896
-0.047119	0.5967	-0.11745
-0.046875	0.50172	-0.10489
-0.046631	0.38743	-0.25471
-0.046387	0.20973	-0.36595
-0.046143	0.067745	-0.35296
-0.045898	-0.10832	-0.55303
-0.045654	-0.28916	-0.60275
-0.04541	-0.43932	-0.59835
-0.045166	-0.62395	-0.8207
-0.044922	-0.79999	-0.81376
-0.044678	-0.96301	-0.82589
-0.044434	-1.1649	-1.0435
-0.044189	-1.3376	-0.99123
-0.043945	-1.4979	-1.0226
-0.043701	-1.6654	-1.2078
-0.043457	-1.7951	-1.1269
-0.043213	-1.9374	-1.1777
-0.042969	-2.0756	-1.3068
-0.042725	-2.1803	-1.214
-0.04248	-2.2882	-1.2785
-0.042236	-2.3733	-1.3397
-0.041992	-2.4253	-1.2538
-0.041748	-2.4824	-1.3207
-0.041504	-2.5103	-1.3123
-0.04126	-2.5074	-1.2422
-0.041016	-2.5111	-1.2971
-0.040771	-2.4702	-1.2259
-0.040527	-2.4178	-1.1741
-0.040283	-2.3631	-1.2069
-0.040039	-2.2504	-1.0843
-0.039795	-2.1472	-1.05
-0.039551	-2.0523	-1.0578
-0.039307	-1.9117	-0.90863
-0.039062	-1.7871	-0.89266
-0.038818	-1.6257	-0.85792
-0.038574	-1.435	-0.69138
-0.03833	-1.259	-0.67583
-0.038086	-1.0318	-0.60257
-0.037842	-0.79959	-0.43296
-0.037598	-0.58998	-0.40733
-0.037354	-0.32676	-0.29855
-0.037109	-0.071339	-0.13345
-0.036865	0.19277	-0.091496
-0.036621	0.48947	0.048644
-0.036377	0.74626	0.20403
-0.036133	1.0322	0.27172
-0.035889	1.3617	0.44641
-0.035645	1.6529	0.60079
-0.0354	1.971	0.70421
-0.035156	2.2832	0.89601
-0.034912	2.5725	1.0466
-0.034668	2.8825	1.1798
-0.034424	3.1525	1.3883
-0.03418	3.4038	1.5369
-0.033936	3.6796	1.6942
-0.033691	3.9071	1.9092
-0.033447	4.117	2.0534
-0.033203	4.3168	2.2252
-0.032959	4.4677	2.435
-0.032715	4.6165	2.5636
-0.032471	4.7246	2.7298
-0.032227	4.7722	2.9122
-0.031982	4.8191	3.0104
-0.031738	4.8173	3.155
-0.031494	4.7615	3.2898
-0.03125	4.6841	3.3402
-0.031006	4.5453	3.4422
-0.030762	4.3778	3.5064
-0.030518	4.1842	3.4967
-0.030273	3.9084	3.5412
-0.030029	3.6076	3.521
-0.029785	3.2754	3.4413
-0.029541	2.881	3.4147
-0.029297	2.4686	3.2989
-0.029053	2.01	3.1519
-0.028809	1.5227	3.0465
-0.028564	1.0335	2.8395
-0.02832	0.49199	2.6337
-0.028076	-0.066791	2.4512
-0.027832	-0.61935	2.1661
-0.027588	-1.1952	1.9107
-0.027344	-1.7656	1.6526
-0.0271	-2.3374	1.3076
-0.026855	-2.9114	1.0149
-0.026611	-3.4385	0.6943
-0.026367	-3.9572	0.31625
-0.026123	-4.4644	0.0028744
-0.025879	-4.9153	-0.36143
-0.025635	-5.3322	-0.74528
-0.025391	-5.7049	-1.0664
-0.025146	-6.0342	-1.4462
-0.024902	-6.3284	-1.8097
-0.024658	-6.5436	-2.1195
-0.024414	-6.6918	-2.497
-0.02417	-6.7996	-2.821
-0.023926	-6.8419	-3.1155
-0.023682	-6.8166	-3.4602
-0.023438	-6.7224	-3.7299
-0.023193	-6.5608	-3.9955
-0.022949	-6.3506	-4.2889
-0.022705	-6.0687	-4.497
-0.022461	-5.7056	-4.724
-0.022217	-5.2965	-4.9455
-0.021973	-4.8399	-5.087
-0.021729	-4.327	-5.2621
-0.021484	-3.7641	-5.4002
-0.02124	-3.153	-5.4727
-0.020996	-2.5157	-5.5891
-0.020752	-1.8546	-5.6314
-0.020508	-1.1519	-5.634
-0.020264	-0.42998	-5.6649
-0.02002	0.2858	-5.6053
-0.019775	1.0049	-5.5274
-0.019531	1.7221	-5.4571
-0.019287	2.4353	-5.2898
-0.019043	3.1227	-5.1281
-0.018799	3.7654	-4.942
-0.018555	4.3805	-4.6666
-0.018311	4.9669	-4.4119
-0.018066	5.5009	-4.1036
-0.017822	5.9757	-3.7273
-0.017578	6.3859	-3.3759
-0.017334	6.7371	-2.9526
-0.01709	7.0309	-2.4906
-0.016846	7.2454	-2.0489
-0.016602	7.3841	-1.5285
-0.016357	7.4679	-1.0064
-0.016113	7.4808	-0.4983
-0.015869	7.4239	0.079172
-0.015625	7.2923	0.61628
-0.015381	7.091	1.1489
-0.015137	6.8366	1.7281
-0.014893	6.5215	2.251
-0.014648	6.147	2.7757
-0.014404	5.7314	3.3148
-0.01416	5.2746	3.7804
-0.013916	4.7902	4.2512
-0.013672	4.2808	4.7031
-0.013428	3.7393	5.0822
-0.013184	3.1912	5.4626
-0.012939	2.6386	5.7996
-0.012695	2.0779	6.0737
-0.012451	1.5272	6.3493
-0.012207	0.9856	6.562
-0.011963	0.45703	6.7409
-0.011719	-0.041053	6.9064
-0.011475	-0.5237	6.9985
-0.01123	-0.97503	7.0522
-0.010986	-1.3873	7.0812
-0.010742	-1.7756	7.0264
-0.010498	-2.1282	6.9374
-0.010254	-2.447	6.7958
-0.01001	-2.7437	6.5729
-0.0097656	-3.0029	6.3025
-0.0095215	-3.2409	5.9624
-0.0092773	-3.4637	5.5377
-0.0090332	-3.6606	5.0646
-0.0087891	-3.8452	4.5091
-0.0085449	-4.0146	3.8886
-0.0083008	-4.1662	3.2198
-0.0080566	-4.3214	2.4821
-0.0078125	-4.4707	1.7025
-0.0075684	-4.6182	0.89292
-0.0073242	-4.7794	0.038694
-0.0070801	-4.9427	-0.82159
-0.0068359	-5.1075	-1.685
-0.0065918	-5.2776	-2.552
-0.0063477	-5.4383	-3.3936
-0.0061035	-5.5943	-4.207
-0.0058594	-5.7515	-4.9834
-0.0056152	-5.9007	-5.703
-0.0053711	-6.0436	-6.3659
-0.005127	-6.1753	-6.9562
-0.0048828	-6.2871	-7.4691
-0.0046387	-6.3734	-7.9021
-0.0043945	-6.4211	-8.2271
-0.0041504	-6.42	-8.4566
-0.0039062	-6.3697	-8.5824
-0.0036621	-6.2735	-8.5846
-0.003418	-6.1325	-8.4747
-0.0031738	-5.9494	-8.2526
-0.0029297	-5.7208	-7.8997
-0.0026855	-5.4435	-7.4401
-0.0024414	-5.1145	-6.868
-0.0021973	-4.7263	-6.1911
-0.0019531	-4.2769	-5.4274
-0.001709	-3.7774	-4.5776
-0.0014648	-3.2402	-3.658
-0.0012207	-2.6729	-2.6865
-0.00097656	-2.0879	-1.6508
-0.00073242	-1.4981	-0.59801
-0.00048828	-0.89975	0.47723
-0.00024414	-0.29889	1.5612
0	0.31626	2.631
0.00024414	0.94185	3.6892
0.00048828	1.5606	4.7332
0.00073242	2.1632	5.7364
0.00097656	2.7356	6.7074
0.0012207	3.2613	7.6389
0.0014648	3.7447	8.5169
0.001709	4.1882	9.3365
0.0019531	4.5984	10.085
0.0021973	4.9911	10.751
0.0024414	5.3607	11.321
0.0026855	5.6998	11.758
0.0029297	6.0082	12.07
0.0031738	6.2588	12.231
0.003418	6.4462	12.229
0.0036621	6.5689	12.059
0.0039062	6.6325	11.709
0.0041504	6.6538	11.165
0.0043945	6.6428	10.437
0.0046387	6.5965	9.5306
0.0048828	6.5099	8.4419
0.005127	6.3683	7.1927
0.0053711	6.1485	5.8122
0.0056152	5.8428	4.313
0.0058594	5.4469	2.7161
0.0061035	4.9655	1.068
0.0063477	4.4141	-0.60284
0.0065918	3.8041	-2.2733
0.0068359	3.1422	-3.9004
0.0070801	2.4295	-5.4483
0.0073242	1.6584	-6.9036
0.0075684	0.81614	-8.2335
0.0078125	-0.099935	-9.4014
0.0080566	-1.0791	-10.394
0.0083008	-2.0919	-11.21
0.0085449	-3.1149	-11.804
0.0087891	-4.1323	-12.163
0.0090332	-5.1143	-12.287
0.0092773	-6.0553	-12.154
0.0095215	-6.9458	-11.744
0.0097656	-7.7922	-11.073
0.01001	-8.5745	-10.142
0.010254	-9.2886	-8.9469
0.010498	-9.8906	-7.5186
0.010742	-10.358	-5.8935
0.010986	-10.657	-4.0888
0.01123	-10.776	-2.1529
0.011475	-10.702	-0.15245
0.011719	-10.457	1.8698
0.011963	-10.055	3.8779
0.012207	-9.5071	5.7844
0.012451	-8.7965	7.5338
0.012695	-7.9367	9.0923
0.012939	-6.9051	10.408
0.013184	-5.7222	11.43
0.013428	-4.3818	12.155
0.013672	-2.9322	12.571
0.013916	-1.397	12.657
0.01416	0.1543	12.431
0.014404	1.7017	11.924
0.014648	3.2016	11.147
0.014893	4.6495	10.132
0.015137	6.0205	8.9329
0.015381	7.3135	7.5805
0.015625	8.4929	6.0978
0.015869	9.5421	4.5365
0.016113	10.408	2.933
0.016357	11.074	1.2966
0.016602	11.501	-0.34164
0.016846	11.702	-1.9404
0.01709	11.676	-3.4861
0.017334	11.449	-4.9574
0.017578	11.026	-6.303
0.017822	10.438	-7.491
0.018066	9.6732	-8.5001
0.018311	8.7426	-9.2858
0.018555	7.6374	-9.8063
0.018799	6.3808	-10.055
0.019043	4.9977	-10.014
0.019287	3.5381	-9.6634
0.019531	2.0355	-9.0198
0.019775	0.53856	-8.1113
0.02002	-0.93339	-6.9556
0.020264	-2.3506	-5.5956
0.020508	-3.7112	-4.0988
0.020752	-5.0018	-2.5197
0.020996	-6.2023	-0.91479
0.02124	-7.2676	0.63523
0.021484	-8.1661	2.0655
0.021729	-8.8454	3.334
0.021973	-9.2841	4.3888
0.022217	-9.4486	5.1882
0.022461	-9.3467	5.73
0.022705	-8.9914	6.0206
0.022949	-8.3873	6.0739
0.023193	-7.5674	5.9148
0.023438	-6.5624	5.5925
0.023682	-5.3696	5.1416
0.023926	-4.028	4.6033
0.02417	-2.5523	4.0284
0.024414	-0.99804	3.4497
0.024658	0.58792	2.8811
0.024902	2.1126	2.3471
0.025146	3.5355	1.8576
0.025391	4.7616	1.4026
0.025635	5.7912	0.97813
0.025879	6.5503	0.58494
0.026123	7.0665	0.20838
0.026367	7.2858	-0.16306
0.026611	7.2289	-0.52965
0.026855	6.8595	-0.87916
0.0271	6.2449	-1.2103
0.027344	5.3282	-1.5054
0.027588	4.2337	-1.7438
0.027832	2.9367	-1.9205
0.028076	1.6067	-2.0234
0.02832	0.2254	-2.033
0.028564	-1.0275	-1.9474
0.028809	-2.1967	-1.7735
0.029053	-3.1342	-1.5123
0.029297	-3.9346	-1.1719
0.029541	-4.4527	-0.78074
0.029785	-4.8107	-0.35671
0.030029	-4.8419	0.079543
0.030273	-4.687	0.49541
0.030518	-4.1854	0.86299
0.030762	-3.5151	1.1686
0.031006	-2.5395	1.398
0.03125	-1.5132	1.5394
0.031494	-0.31837	1.6024
0.031738	0.74439	1.6007
0.031982	1.8306	1.5437
0.032227	2.6554	1.4499
0.032471	3.4189	1.351
0.032715	3.8738	1.2617
0.032959	4.2654	1.1969
0.033203	4.3293	1.1723
0.033447	4.3391	1.1927
0.033691	3.994	1.245
0.033936	3.5964	1.3277
0.03418	2.8649	1.4301
0.034424	2.1571	1.5306
0.034668	1.2017	1.6108
0.034912	0.3912	1.6579
0.035156	-0.54853	1.6573
0.0354	-1.2165	1.5911
0.035645	-1.9511	1.4655
0.035889	-2.353	1.2807
0.036133	-2.7904	1.0409
0.036377	-2.8609	0.75724
0.036621	-2.9508	0.44901
0.036865	-2.6424	0.12665
0.037109	-2.358	-0.19172
0.037354	-1.6904	-0.47914
0.037598	-1.1056	-0.72815
0.037842	-0.21498	-0.927
0.038086	0.46013	-1.0705
0.03833	1.3357	-1.1505
0.038574	1.9169	-1.1792
0.038818	2.6432	-1.1585
0.039062	3.03	-1.0932
0.039307	3.568	-0.99705
0.039551	3.7559	-0.88238
0.039795	4.0611	-0.75843
0.040039	3.9591	-0.6292
0.040283	3.9409	-0.51253
0.040527	3.4811	-0.39995
0.040771	3.1006	-0.30144
0.041016	2.3348	-0.21287
0.04126	1.7341	-0.13688
0.041504	0.82679	-0.061737
0.041748	0.19814	0.0099676
0.041992	-0.63815	0.080574
0.042236	-1.1487	0.15967
0.04248	-1.8556	0.24562
0.042725	-2.2017	0.33917
0.042969	-2.7187	0.43223
0.043213	-2.8728	0.53553
0.043457	-3.1741	0.6299
0.043701	-3.0704	0.719
0.043945	-3.1062	0.79273
0.044189	-2.7366	0.85111
0.044434	-2.5046	0.88212
0.044678	-1.9236	0.88616
0.044922	-1.5661	0.86327
0.045166	-0.90587	0.80236
0.04541	-0.50638	0.72174
0.045654	0.11107	0.61066
0.045898	0.40394	0.49092
0.046143	0.90978	0.35146
0.046387	1.0772	0.21546
0.046631	1.4101	0.083027
0.046875	1.4056	-0.03022
0.047119	1.5698	-0.12897
0.047363	1.3826	-0.21308
0.047607	1.3741	-0.27653
0.047852	1.0764	-0.32465
0.048096	0.96558	-0.34845
0.04834	0.5634	-0.36309
0.048584	0.39761	-0.35595
0.048828	-0.0012665	-0.34956
0.049072	-0.17748	-0.32598
0.049316	-0.56745	-0.30884
0.049561	-0.68414	-0.28967
0.049805	-0.98653	-0.27116
0.050049	-1.0115	-0.26789
0.050293	-1.1703	-0.25896
0.050537	-1.0522	-0.28354
0.050781	-1.1149	-0.29434
0.051025	-0.92022	-0.31583
0.05127	-0.88483	-0.32869
0.051514	-0.65733	-0.33801
0.051758	-0.63564	-0.34322
0.052002	-0.39713	-0.33623
0.052246	-0.33193	-0.32166
0.05249	-0.094995	-0.2947
0.052734	-0.019935	-0.26053
0.052979	0.23349	-0.21936
0.053223	0.28629	-0.17944
0.053467	0.47551	-0.12927
0.053711	0.49844	-0.093905
0.053955	0.64161	-0.046754
0.054199	0.57624	-0.019531
0.054443	0.64871	0.0093471
0.054688	0.57855	0.025189
0.054932	0.61309	0.02718
0.055176	0.48667	0.030837
0.05542	0.49341	0.01163
0.055664	0.35237	0.0042078
0.055908	0.31109	-0.021885
0.056152	0.16091	-0.036133
0.056396	0.12853	-0.055111
0.056641	-0.032027	-0.068559
0.056885	-0.078359	-0.074107
0.057129	-0.18652	-0.078844
0.057373	-0.19556	-0.073559
0.057617	-0.30958	-0.066352
0.057861	-0.30357	-0.055724
0.058105	-0.3559	-0.044725
0.05835	-0.32657	-0.030514
0.058594	-0.35357	-0.026159
0.058838	-0.27306	-0.015085
0.059082	-0.25839	-0.022759
0.059326	-0.17111	-0.021634
0.05957	-0.11414	-0.038834
0.059814	0.013065	-0.055503
0.060059	0.043171	-0.074398
0.060303	0.12831	-0.10074
0.060547	0.17846	-0.11433
0.060791	0.25995	-0.13927
0.061035	0.26729	-0.14683
0.061279	0.32199	-0.16211
0.061523	0.33664	-0.16157
0.061768	0.36926	-0.16301
0.062012	0.35612	-0.15564
0.062256	0.37562	-0.14496
0.0625	0.32602	-0.13325
0.062744	0.28997	-0.11825
0.062988	0.24388	-0.10641
0.063232	0.22008	-0.089365
0.063477	0.14544	-0.081154
0.063721	0.10501	-0.06432
0.063965	0.061366	-0.060406
0.064209	0.031284	-0.049683
0.064453	-0.02626	-0.049263
0.064697	-0.050009	-0.041509
0.064941	-0.088998	-0.041581
0.065186	-0.11701	-0.038897
0.06543	-0.13379	-0.033302
0.065674	-0.11882	-0.036379
0.065918	-0.14047	-0.03056
0.066162	-0.14659	-0.034319
0.066406	-0.13721	-0.028364
0.06665	-0.11873	-0.037258
0.066895	-0.1343	-0.033577
0.067139	-0.13491	-0.040356
0.067383	-0.12359	-0.047443
0.067627	-0.11347	-0.052916
0.067871	-0.10827	-0.062511
0.068115	-0.079055	-0.069879
0.068359	-0.070243	-0.082363
0.068604	-0.060672	-0.083505
0.068848	-0.044481	-0.097583
0.069092	-0.013782	-0.099665
0.069336	-0.0095981	-0.10434
0.06958	0.0023807	-0.10589
0.069824	0.032859	-0.11412
0.070068	0.06254	-0.11057
0.070312	0.074349	-0.11382
0.070557	0.10116	-0.12147
0.070801	0.10546	-0.10656
0.071045	0.095357	-0.09926
0.071289	0.093533	-0.088024
0.071533	0.10424	-0.083204
0.071777	0.093519	-0.064424
0.072021	0.073626	-0.067048
0.072266	0.070222	-0.058971
0.07251	0.067221	-0.050464
0.072754	0.036099	-0.053159
0.072998	0.0049774	-0.050923
0.073242	-0.010727	-0.046655
0.073486	-0.036713	-0.037698
0.07373	-0.062839	-0.03925
0.073975	-0.077973	-0.022806
0.074219	-0.09814	-0.011045
0.074463	-0.11126	-0.014377
0.074707	-0.1088	-0.012002
0.074951	-0.097845	-0.0041512
0.075195	-0.10041	-0.012749
0.075439	-0.10981	-0.010578
0.075684	-0.093521	-0.0038077
0.075928	-0.089547	-0.011628
0.076172	-0.095103	-0.0090241
0.076416	-0.098309	-0.0076456
0.07666	-0.090465	-0.0033501
0.076904	-0.095487	-0.014893
0.077148	-0.092876	-0.0070045
0.077393	-0.084551	-0.0057605
0.077637	-0.078983	-0.014425
0.077881	-0.090211	-0.0059708
0.078125	-0.083338	-0.0060323
0.078369	-0.079328	-0.011351
0.078613	-0.085901	-0.010053
0.078857	-0.092045	-0.0037619
0.079102	-0.081292	-0.0098766
0.079346	-0.082712	-0.0094522
0.07959	-0.084111	-0.0039734
0.079834	-0.084717	-0.0040859
0.080078	-0.079068	-0.013118
0.080322	-0.086976	-0.003752
0.080566	-0.082901	-0.0023875
0.080811	-0.073868	-0.011509
0.081055	-0.069291	-0.0011431
0.081299	-0.073818	-0.0060364
0.081543	-0.063991	-0.0084677
0.081787	-0.06511	-0.0064945
0.082031	-0.068685	-0.0035227
0.082275	-0.072526	-0.0079341
0.08252	-0.068647	-0.010936
0.082764	-0.07306	-0.0016135
0.083008	-0.075844	-0.0080018
0.083252	-0.076432	-0.013552
0.083496	-0.077396	-0.0016004
0.08374	-0.090226	-0.0047732
0.083984	-0.089859	-0.010984
0.084229	-0.089156	-0.0023517
0.084473	-0.085946	-0.0059777
0.084717	-0.08332	-0.0053977
0.084961	-0.0743	-0.0045189
0.085205	-0.068783	-0.00062277
0.085449	-0.060692	-0.0044283
0.085693	-0.056258	-0.0089338
0.085938	-0.051166	0.0027441
0.086182	-0.052603	-0.007881
0.086426	-0.046589	-0.008515
0.08667	-0.041281	0.00067484
0.086914	-0.044659	-0.0072296
0.087158	-0.052313	-0.0093057
0.087402	-0.05262	-0.0077439
0.087646	-0.058277	-0.0085139
0.087891	-0.062972	-0.0099797
0.088135	-0.071385	-0.011601
0.088379	-0.073558	-0.0076358
0.088623	-0.072723	-0.014718
0.088867	-0.071652	-0.014285
0.089111	-0.072343	-0.0049135
0.089355	-0.073134	-0.016269
0.0896	-0.070789	-0.011937
0.089844	-0.061745	-0.0066225
0.090088	-0.058984	-0.014173
0.090332	-0.058826	-0.013588
0.090576	-0.05122	-0.011652
0.09082	-0.044418	-0.0083357
0.091064	-0.040935	-0.01341
0.091309	-0.040777	-0.012851
0.091553	-0.040698	-0.0082102
0.091797	-0.038038	-0.017591
0.092041	-0.038483	-0.014236
0.092285	-0.042664	-0.0090108
0.092529	-0.04388	-0.018676
0.092773	-0.04937	-0.014939
0.093018	-0.047575	-0.013555
0.093262	-0.050546	-0.017651
0.093506	-0.054232	-0.018055
0.09375	-0.052416	-0.016751
0.093994	-0.047265	-0.01374
0.094238	-0.046217	-0.020102
0.094482	-0.043766	-0.017439
0.094727	-0.043907	-0.013918
0.094971	-0.038894	-0.020715
0.095215	-0.037269	-0.014419
0.095459	-0.0407	-0.013717
0.095703	-0.040262	-0.020017
0.095947	-0.043001	-0.01541
0.096191	-0.045426	-0.015497
0.096436	-0.046468	-0.018727
0.09668	-0.050334	-0.017807
0.096924	-0.048742	-0.015517
0.097168	-0.044178	-0.015051
0.097412	-0.046632	-0.021389
0.097656	-0.043581	-0.016359
0.0979	-0.045781	-0.016557
0.098145	-0.041606	-0.022726
0.098389	-0.040448	-0.016141
0.098633	-0.041638	-0.017597
0.098877	-0.042561	-0.021718
0.099121	-0.037931	-0.017629
0.099365	-0.04079	-0.0177
0.099609	-0.036972	-0.019199
0.099854	-0.042009	-0.019493
0.1001	-0.039597	-0.01611
0.10034	-0.039274	-0.017121
0.10059	-0.042801	-0.020789
0.10083	-0.046754	-0.015388
0.10107	-0.047096	-0.017231
0.10132	-0.050103	-0.0192
0.10156	-0.047976	-0.013718
0.10181	-0.051304	-0.017279
0.10205	-0.050505	-0.018138
0.10229	-0.045003	-0.014916
0.10254	-0.044735	-0.016416
0.10278	-0.041141	-0.017014
0.10303	-0.043561	-0.016162
0.10327	-0.043132	-0.013611
0.10352	-0.044375	-0.016898
0.10376	-0.047213	-0.017295
0.104	-0.054424	-0.01216
0.10425	-0.052256	-0.01649
0.10449	-0.05882	-0.015279
0.10474	-0.054983	-0.010794
0.10498	-0.059843	-0.014672
0.10522	-0.054889	-0.013937
0.10547	-0.054	-0.011305
0.10571	-0.048471	-0.011431
0.10596	-0.050496	-0.01234
0.1062	-0.045682	-0.010654
0.10645	-0.050437	-0.0080576
0.10669	-0.045753	-0.011918
0.10693	-0.051869	-0.010183
0.10718	-0.052627	-0.0065519
0.10742	-0.054519	-0.010495
0.10767	-0.053445	-0.0080655
0.10791	-0.053316	-0.0062518
0.10815	-0.05142	-0.0087826
0.1084	-0.049837	-0.0077157
0.10864	-0.046697	-0.0067745
0.10889	-0.045544	-0.0067532
0.10913	-0.048226	-0.0082807
0.10938	-0.046718	-0.0065736
0.10962	-0.05205	-0.0054607
0.10986	-0.048944	-0.0088866
0.11011	-0.05415	-0.0058915
0.11035	-0.051194	-0.0048171
0.1106	-0.053469	-0.0077153
0.11084	-0.045488	-0.0056643
0.11108	-0.048409	-0.0056297
0.11133	-0.040848	-0.0065332
0.11157	-0.045967	-0.006728
0.11182	-0.038837	-0.0062597
0.11206	-0.046121	-0.0055968
0.1123	-0.044208	-0.0077991
0.11255	-0.051523	-0.0064948
0.11279	-0.049584	-0.0062313
0.11304	-0.054526	-0.008491
0.11328	-0.05083	-0.0071962
0.11353	-0.053685	-0.0080033
0.11377	-0.0473	-0.0084047
0.11401	-0.044889	-0.0083637
0.11426	-0.040495	-0.0098184
0.1145	-0.03926	-0.0092162
0.11475	-0.039514	-0.010392
0.11499	-0.037841	-0.011509
0.11523	-0.040811	-0.011144
0.11548	-0.041356	-0.011572
0.11572	-0.045831	-0.011786
0.11597	-0.041776	-0.013055
0.11621	-0.044665	-0.012491
0.11646	-0.037318	-0.012773
0.1167	-0.041294	-0.015492
0.11694	-0.033214	-0.0143
0.11719	-0.036995	-0.014393
0.11743	-0.032449	-0.016646
0.11768	-0.041125	-0.016373
0.11792	-0.039345	-0.01636
0.11816	-0.047448	-0.017293
0.11841	-0.043604	-0.018943
0.11865	-0.051274	-0.018781
0.1189	-0.047216	-0.018421
0.11914	-0.048804	-0.020814
0.11938	-0.042924	-0.020623
0.11963	-0.043474	-0.019184
0.11987	-0.041173	-0.021723
0.12012	-0.042361	-0.021585
0.12036	-0.041394	-0.02057
0.12061	-0.043837	-0.021727
0.12085	-0.047225	-0.021878
0.12109	-0.047921	-0.022002
0.12134	-0.04982	-0.021289
0.12158	-0.044919	-0.021456
0.12183	-0.046695	-0.022339
0.12207	-0.041024	-0.020916
0.12231	-0.040346	-0.020655
0.12256	-0.03345	-0.021211
0.1228	-0.037417	-0.02121
0.12305	-0.03522	-0.020347
0.12329	-0.042668	-0.020021
0.12354	-0.040793	-0.020622
0.12378	-0.048707	-0.020329
0.12402	-0.047943	-0.019127
0.12427	-0.052317	-0.01978
0.12451	-0.048042	-0.020611
0.12476	-0.047161	-0.019016
0.125	-0.04295	-0.018144
0.12524	-0.043821	-0.01973
0.12549	-0.041366	-0.019058
0.12573	-0.042593	-0.016698
0.12598	-0.046406	-0.018329
0.12622	-0.049795	-0.019516
0.12646	-0.054302	-0.01655
0.12671	-0.05413	-0.01622
0.12695	-0.055869	-0.018804
0.1272	-0.052725	-0.017314
0.12744	-0.05165	-0.01442
0.12769	-0.044952	-0.01681
0.12793	-0.043338	-0.017633
0.12817	-0.038654	-0.012548
0.12842	-0.042107	-0.013103
0.12866	-0.04044	-0.015719
0.12891	-0.045946	-0.012864
0.12915	-0.047862	-0.0097125
0.12939	-0.054997	-0.012321
0.12964	-0.054567	-0.013211
0.12988	-0.057764	-0.0077227
0.13013	-0.054666	-0.0086872
0.13037	-0.054719	-0.012484
0.13062	-0.051583	-0.0073877
0.13086	-0.049785	-0.0054349
0.1311	-0.048301	-0.0091839
0.13135	-0.049506	-0.0079477
0.13159	-0.05289	-0.0039571
0.13184	-0.054459	-0.0064569
0.13208	-0.057642	-0.0097852
0.13232	-0.057282	-0.0057744
0.13257	-0.059251	-0.0039437
0.13281	-0.053964	-0.010062
0.13306	-0.05229	-0.0071668
0.1333	-0.044749	-0.0033795
0.13354	-0.042547	-0.0079538
0.13379	-0.036948	-0.0077097
0.13403	-0.036777	-0.0046271
0.13428	-0.033363	-0.0042592
0.13452	-0.03727	-0.0075994
0.13477	-0.038025	-0.0060269
0.13501	-0.042081	-0.0010568
0.13525	-0.042195	-0.0064606
0.1355	-0.0447	-0.0057907
0.13574	-0.043946	-0.00056789
0.13599	-0.04412	-0.0039061
0.13623	-0.042759	-0.004596
0.13647	-0.042146	-0.0010878
0.13672	-0.042515	-0.00071603
0.13696	-0.044106	-0.0032168
0.13721	-0.047822	-0.0013696
0.13745	-0.050226	0.0016736
0.1377	-0.055987	-0.0018471
0.13794	-0.058993	-0.00087545
0.13818	-0.063512	0.0015017
0.13843	-0.063303	8.0393e-05
0.13867	-0.065656	0.00017627
0.13892	-0.064084	0.00026834
0.13916	-0.064753	0.002759
0.1394	-0.064765	0.00069674
0.13965	-0.066051	-0.00024102
0.13989	-0.067986	0.006291
0.14014	-0.07128	0.00087202
0.14038	-0.073647	0.00090474
0.14062	-0.075751	0.0082344
0.14087	-0.07691	0.0024479
0.14111	-0.076369	0.0040012
0.14136	-0.074072	0.0078858
0.1416	-0.069316	0.0053744
0.14185	-0.063303	0.0073148
0.14209	-0.056475	0.0071378
0.14233	-0.047899	0.0097647
0.14258	-0.039822	0.0096524
0.14282	-0.029431	0.0076271
0.14307	-0.019836	0.01346
0.14331	-0.0078139	0.012386
0.14355	0.0041403	0.010052
0.1438	0.018626	0.013467
0.14404	0.03262	0.016
0.14429	0.047111	0.013948
0.14453	0.061313	0.011888
0.14478	0.07562	0.019868
0.14502	0.087944	0.015728
0.14526	0.099463	0.012207
0.14551	0.10869	0.022551
0.14575	0.11561	0.015763
0.146	0.12256	0.01572
0.14624	0.12717	0.021619
0.14648	0.1307	0.01669
0.14673	0.1338	0.021349
0.14697	0.13385	0.017798
0.14722	0.13484	0.019513
0.14746	0.1319	0.025528
0.14771	0.1283	0.015893
0.14795	0.12184	0.022513
0.14819	0.11469	0.026177
0.14844	0.10415	0.018798
0.14868	0.092886	0.023706
0.14893	0.079055	0.02598
0.14917	0.062815	0.024724
0.14941	0.046208	0.022567
0.14966	0.02494	0.02771
0.1499	0.0028222	0.028555
0.15015	-0.023674	0.022616
0.15039	-0.049967	0.031113
0.15063	-0.080432	0.027195
0.15088	-0.10915	0.026399
0.15112	-0.14102	0.032532
0.15137	-0.17036	0.023745
0.15161	-0.19944	0.032612
0.15186	-0.22834	0.027322
0.1521	-0.25442	0.02167
0.15234	-0.27824	0.038631
0.15259	-0.29783	0.021716
0.15283	-0.31434	0.027096
0.15308	-0.32471	0.03639
0.15332	-0.33279	0.021249
0.15356	-0.33134	0.032153
0.15381	-0.32851	0.028967
0.15405	-0.31775	0.026437
0.1543	-0.30417	0.032419
0.15454	-0.2853	0.026096
0.15479	-0.26396	0.030812
0.15503	-0.2389	0.027968
0.15527	-0.21167	0.030272
0.15552	-0.18262	0.031574
0.15576	-0.15069	0.028732
0.15601	-0.12221	0.033026
0.15625	-0.092631	0.024633
0.15649	-0.066758	0.032618
0.15674	-0.040444	0.031303
0.15698	-0.017688	0.020115
0.15723	0.0055236	0.037687
0.15747	0.024123	0.021843
0.15771	0.043466	0.022821
0.15796	0.058306	0.036804
0.1582	0.071375	0.012151
0.15845	0.082707	0.03025
0.15869	0.092063	0.025947
0.15894	0.10116	0.010594
0.15918	0.11051	0.032363
0.15942	0.11815	0.011186
0.15967	0.12616	0.016139
0.15991	0.13299	0.024957
0.16016	0.13719	0.0034048
0.1604	0.13994	0.019567
0.16064	0.1394	0.010569
0.16089	0.13524	0.0055446
0.16113	0.12932	0.015407
0.16138	0.11868	0.002316
0.16162	0.10502	0.0081891
0.16187	0.086912	0.0036818
0.16211	0.064658	0.0036175
0.16235	0.037694	0.0033029
0.1626	0.0066275	-0.0034336
0.16284	-0.028243	0.0075186
0.16309	-0.065051	-0.0083674
0.16333	-0.10218	-0.00025693
0.16357	-0.13949	0.00068394
0.16382	-0.1746	-0.014419
0.16406	-0.20848	0.006719
0.16431	-0.24001	-0.013348
0.16455	-0.26881	-0.010123
0.16479	-0.29405	0.0012975
0.16504	-0.3148	-0.024812
0.16528	-0.32947	-0.00086563
0.16553	-0.33813	-0.013834
0.16577	-0.34156	-0.023679
0.16602	-0.33941	-0.0024801
0.16626	-0.3362	-0.028486
0.1665	-0.32847	-0.015397
0.16675	-0.32062	-0.015187
0.16699	-0.30889	-0.030465
0.16724	-0.29626	-0.013464
0.16748	-0.28042	-0.03021
0.16772	-0.26361	-0.023899
0.16797	-0.24681	-0.022994
0.16821	-0.2282	-0.031734
0.16846	-0.21264	-0.020371
0.1687	-0.19304	-0.032413
0.16895	-0.17705	-0.02429
0.16919	-0.15366	-0.027967
0.16943	-0.13343	-0.031122
0.16968	-0.10466	-0.018746
0.16992	-0.07921	-0.035212
0.17017	-0.046418	-0.020125
0.17041	-0.017023	-0.025115
0.17065	0.017626	-0.032995
0.1709	0.050888	-0.012003
0.17114	0.08881	-0.032026
0.17139	0.1262	-0.018843
0.17163	0.1657	-0.015746
0.17188	0.2038	-0.031351
0.17212	0.24015	-0.0075632
0.17236	0.27353	-0.02459
0.17261	0.30169	-0.01826
0.17285	0.32651	-0.0068959
0.1731	0.34325	-0.025013
0.17334	0.35673	-0.004673
0.17358	0.36066	-0.014167
0.17383	0.36131	-0.015136
0.17407	0.34964	0.0003692
0.17432	0.33421	-0.012994
0.17456	0.30516	0.00049967
0.1748	0.27285	-0.0049267
0.17505	0.22911	-0.005912
0.17529	0.18435	0.009093
0.17554	0.13244	-0.0031064
0.17578	0.078905	0.012003
0.17603	0.021957	0.0081123
0.17627	-0.03703	0.0049729
0.17651	-0.095476	0.023404
0.17676	-0.15328	0.0098991
0.177	-0.20437	0.025746
0.17725	-0.25233	0.024837
0.17749	-0.29047	0.017415
0.17773	-0.32587	0.039637
0.17798	-0.34933	0.02219
0.17822	-0.36947	0.038191
0.17847	-0.37666	0.044789
0.17871	-0.37929	0.02852
0.17896	-0.3679	0.055804
0.1792	-0.35301	0.039295
0.17944	-0.32611	0.045971
0.17969	-0.29715	0.061906
0.17993	-0.26065	0.041626
0.18018	-0.22339	0.066611
0.18042	-0.18289	0.051665
0.18066	-0.14216	0.052345
0.18091	-0.10262	0.074528
0.18115	-0.063185	0.049854
0.1814	-0.028721	0.074217
0.18164	0.0051947	0.065666
0.18188	0.029628	0.056459
0.18213	0.052313	0.081848
0.18237	0.064699	0.058113
0.18262	0.076038	0.077934
0.18286	0.079221	0.074036
0.18311	0.083443	0.060465
0.18335	0.081435	0.087418
0.18359	0.08046	0.06194
0.18384	0.075973	0.080614
0.18408	0.072238	0.083122
0.18433	0.066986	0.06227
0.18457	0.063445	0.091219
0.18481	0.062132	0.06834
0.18506	0.06417	0.079018
0.1853	0.069133	0.086137
0.18555	0.075352	0.064075
0.18579	0.083491	0.093944
0.18604	0.090365	0.070223
0.18628	0.097395	0.075148
0.18652	0.10034	0.089988
0.18677	0.10292	0.064314
0.18701	0.10084	0.090373
0.18726	0.099421	0.072632
0.1875	0.090971	0.069327
0.18774	0.081683	0.088031
0.18799	0.063726	0.061153
0.18823	0.045576	0.083656
0.18848	0.022085	0.070992
0.18872	-0.00041048	0.06325
0.18896	-0.024927	0.084458
0.18921	-0.047271	0.057562
0.18945	-0.067561	0.0734
0.1897	-0.086106	0.070488
0.18994	-0.10062	0.057297
0.19019	-0.11368	0.076333
0.19043	-0.11942	0.05322
0.19067	-0.1222	0.064496
0.19092	-0.11611	0.064713
0.19116	-0.10992	0.049111
0.19141	-0.096143	0.067877
0.19165	-0.083959	0.049235
0.19189	-0.064591	0.053388
0.19214	-0.049308	0.059353
0.19238	-0.029421	0.043172
0.19263	-0.014486	0.058452
0.19287	0.0056912	0.045663
0.19312	0.020515	0.045392
0.19336	0.037029	0.051887
0.1936	0.04625	0.036106
0.19385	0.056404	0.051041
0.19409	0.061256	0.043435
0.19434	0.065056	0.037432
0.19458	0.064755	0.047049
0.19482	0.063848	0.034679
0.19507	0.063225	0.044899
0.19531	0.062733	0.041271
0.19556	0.063578	0.032495
0.1958	0.062671	0.04341
0.19604	0.063853	0.033118
0.19629	0.064114	0.038223
0.19653	0.066826	0.037364
0.19678	0.066845	0.030151
0.19702	0.068736	0.042417
0.19727	0.069478	0.032347
0.19751	0.072321	0.029767
0.19775	0.074992	0.036967
0.198	0.079878	0.031979
0.19824	0.083669	0.038687
0.19849	0.088383	0.027521
0.19873	0.091968	0.027563
0.19897	0.094029	0.039182
0.19922	0.091759	0.030231
0.19946	0.084578	0.031962
0.19971	0.076237	0.027479
0.19995	0.063605	0.028269
0.2002	0.052336	0.037246
0.20044	0.038689	0.02372
0.20068	0.028658	0.028818
0.20093	0.018737	0.033286
0.20117	0.012716	0.028518
0.20142	0.0029398	0.031574
0.20166	-0.0092646	0.023217
0.2019	-0.02357	0.03324
0.20215	-0.037609	0.036433
0.20239	-0.050245	0.023421
0.20264	-0.062806	0.030845
0.20288	-0.07062	0.030633
0.20312	-0.074228	0.03219
0.20337	-0.07095	0.031799
0.20361	-0.06627	0.023448
0.20386	-0.060853	0.037019
0.2041	-0.058644	0.030357
0.20435	-0.05637	0.023473
0.20459	-0.057932	0.029389
0.20483	-0.062291	0.030262
0.20508	-0.06972	0.034017
0.20532	-0.074596	0.022013
0.20557	-0.076996	0.021342
0.20581	-0.074899	0.036904
0.20605	-0.071956	0.029673
0.2063	-0.068083	0.024477
0.20654	-0.063842	0.020564
0.20679	-0.061274	0.030976
0.20703	-0.058884	0.036052
0.20728	-0.061768	0.019255
0.20752	-0.064429	0.018655
0.20776	-0.067391	0.030219
0.20801	-0.066023	0.031201
0.20825	-0.062448	0.023527
0.2085	-0.058102	0.011572
0.20874	-0.050692	0.025006
0.20898	-0.042803	0.031346
0.20923	-0.031886	0.019392
0.20947	-0.029143	0.014634
0.20972	-0.029078	0.017891
0.20996	-0.034498	0.025397
0.21021	-0.035956	0.021017
0.21045	-0.038479	0.012463
0.21069	-0.041691	0.01767
0.21094	-0.043364	0.018698
0.21118	-0.040792	0.015614
0.21143	-0.031823	0.013747
0.21167	-0.02683	0.014956
0.21191	-0.023213	0.0144
0.21216	-0.024376	0.0072328
0.2124	-0.021567	0.0095562
0.21265	-0.023971	0.014091
0.21289	-0.027434	0.0096576
0.21313	-0.034084	-0.001628
0.21338	-0.037963	0.00048874
0.21362	-0.03806	0.012606
0.21387	-0.039139	0.0079236
0.21411	-0.038813	-0.0085773
0.21436	-0.04206	-0.0070091
0.2146	-0.03963	0.0074065
0.21484	-0.0429	0.010417
0.21509	-0.042535	-0.0095704
0.21533	-0.047856	-0.02189
0.21558	-0.04805	-0.0033615
0.21582	-0.0467	0.0086197
0.21606	-0.042767	-0.0094116
0.21631	-0.035	-0.026106
0.21655	-0.035666	-0.020968
0.2168	-0.029422	0.0008409
0.21704	-0.030174	-0.0059114
0.21729	-0.021584	-0.028594
0.21753	-0.025825	-0.031196
0.21777	-0.025682	-0.016936
0.21802	-0.031433	-0.0086813
0.21826	-0.030594	-0.022586
0.21851	-0.030415	-0.037138
0.21875	-0.035175	-0.030584
0.21899	-0.03438	-0.015557
0.21924	-0.036404	-0.014703
0.21948	-0.025994	-0.031017
0.21973	-0.028347	-0.03995
0.21997	-0.023806	-0.02915
0.22021	-0.026388	-0.0147
0.22046	-0.017733	-0.019432
0.2207	-0.015396	-0.039666
0.22095	-0.015067	-0.0439
0.22119	-0.015673	-0.022425
0.22144	-0.02169	-0.0090538
0.22168	-0.019301	-0.027106
0.22192	-0.030335	-0.049639
0.22217	-0.03022	-0.038706
0.22241	-0.04155	-0.0081697
0.22266	-0.036832	-0.0091361
0.2229	-0.040293	-0.041455
0.22314	-0.034219	-0.050864
0.22339	-0.0307	-0.019574
0.22363	-0.026175	0.0033769
0.22388	-0.015327	-0.020654
0.22412	-0.013935	-0.050741
0.22437	9.486e-05	-0.035272
0.22461	-0.007058	0.0022108
0.22485	-2.1592e-05	0.0015578
0.2251	-0.00857	-0.035984
0.22534	-0.003815	-0.04587
0.22559	-0.010432	-0.011017
0.22583	-0.014181	0.013724
0.22607	-0.017979	-0.010433
0.22632	-0.02196	-0.042358
0.22656	-0.013544	-0.027825
0.22681	-0.022642	0.011677
0.22705	-0.01561	0.013012
0.22729	-0.020072	-0.023014
0.22754	-0.00010016	-0.036475
0.22778	0.0053564	-0.0041317
0.22803	0.016849	0.024211
0.22827	0.02318	0.0034075
0.22852	0.031987	-0.030057
0.22876	0.043925	-0.021354
0.229	0.041244	0.017389
0.22925	0.046141	0.025291
0.22949	0.035501	-0.008484
0.22974	0.043754	-0.027528
0.22998	0.031948	0.000676
0.23022	0.031779	0.032276
0.23047	0.025246	0.016176
0.23071	0.0295	-0.017777
0.23096	0.033918	-0.014071
0.2312	0.034443	0.022099
0.23145	0.044166	0.033179
0.23169	0.045371	0.0021551
0.23193	0.059604	-0.017736
0.23218	0.05777	0.0046502
0.23242	0.075677	0.034282
0.23267	0.076862	0.022917
0.23291	0.086805	-0.0085765
0.23315	0.085144	-0.0093616
0.2334	0.087115	0.021557
0.23364	0.090477	0.034041
0.23389	0.081608	0.0087027
0.23413	0.077168	-0.011997
0.23438	0.065939	0.0051192
0.23462	0.07323	0.030513
0.23486	0.063497	0.024044
0.23511	0.061414	-0.0032338
0.23535	0.052189	-0.0075218
0.2356	0.063877	0.016779
0.23584	0.07503	0.028617
0.23608	0.074458	0.0091426
0.23633	0.080396	-0.0093711
0.23657	0.085582	0.00071354
0.23682	0.10016	0.022469
0.23706	0.094034	0.018907
0.2373	0.09121	-0.0035132
0.23755	0.085454	-0.009067
0.23779	0.089939	0.0084025
0.23804	0.077256	0.019027
0.23828	0.062322	0.004124
0.23853	0.054047	-0.011782
0.23877	0.049531	-0.0066719
0.23901	0.049011	0.0089424
0.23926	0.036093	0.0077445
