-0.31958	0.00077285	0.00020627
-0.31934	-0.93117	0.19739
-0.31909	-1.0478	0.18384
-0.31885	-1.1148	0.16889
-0.3186	-1.1376	0.15414
-0.31836	-1.1261	0.14068
-0.31812	-1.0929	0.12576
-0.31787	-1.0505	0.11215
-0.31763	-1.0146	0.099995
-0.31738	-0.99508	0.088272
-0.31714	-0.99694	0.077192
-0.31689	-1.0212	0.0671
-0.31665	-1.0652	0.059439
-0.31641	-1.1306	0.05715
-0.31616	-1.1982	0.054977
-0.31592	-1.2538	0.04992
-0.31567	-1.2848	0.040267
-0.31543	-1.2802	0.025306
-0.31519	-1.2328	0.0060414
-0.31494	-1.1385	-0.01616
-0.3147	-0.99647	-0.039746
-0.31445	-0.81074	-0.063222
-0.31421	-0.58969	-0.085181
-0.31396	-0.34849	-0.10559
-0.31372	-0.1038	-0.12374
-0.31348	0.12839	-0.13978
-0.31323	0.33437	-0.15306
-0.31299	0.50543	-0.16303
-0.31274	0.63685	-0.169
-0.3125	0.73232	-0.17019
-0.31226	0.79911	-0.16727
-0.31201	0.84749	-0.15768
-0.31177	0.8885	-0.14554
-0.31152	0.93671	-0.13416
-0.31128	1.0033	-0.12341
-0.31104	1.0982	-0.11419
-0.31079	1.226	-0.1063
-0.31055	1.3845	-0.099658
-0.3103	1.5682	-0.093926
-0.31006	1.7681	-0.088523
-0.30981	1.9709	-0.083629
-0.30957	2.1586	-0.079508
-0.30933	2.3149	-0.077426
-0.30908	2.4285	-0.078799
-0.30884	2.4933	-0.08419
-0.30859	2.5101	-0.093256
-0.30835	2.4834	-0.10379
-0.30811	2.4212	-0.11312
-0.30786	2.3372	-0.11771
-0.30762	2.2409	-0.11676
-0.30737	2.1408	-0.11101
-0.30713	2.0445	-0.10295
-0.30688	1.956	-0.094782
-0.30664	1.884	-0.086845
-0.3064	1.8316	-0.078236
-0.30615	1.8015	-0.066309
-0.30591	1.7922	-0.048374
-0.30566	1.794	-0.025662
-0.30542	1.782	-0.0047046
-0.30518	1.757	0.013748
-0.30493	1.7062	0.027258
-0.30469	1.6209	0.03416
-0.30444	1.4987	0.034848
-0.3042	1.3408	0.031188
-0.30396	1.154	0.025428
-0.30371	0.95018	0.019914
-0.30347	0.74545	0.01553
-0.30322	0.55495	0.012992
-0.30298	0.38988	0.011534
-0.30273	0.25673	0.010089
-0.30249	0.15586	0.0083702
-0.30225	0.08647	0.0063188
-0.302	0.04409	0.0041942
-0.30176	0.022759	0.002524
-0.30151	0.018263	0.0023799
-0.30127	0.026318	0.0049295
-0.30103	0.042181	0.010259
-0.30078	0.060678	0.017657
-0.30054	0.073441	0.025402
-0.30029	0.073525	0.03159
-0.30005	0.055801	0.035368
-0.2998	0.019675	0.034892
-0.29956	-0.027369	0.032238
-0.29932	-0.060527	0.034519
-0.29907	-0.081741	0.039373
-0.29883	-0.08304	0.045731
-0.29858	-0.057718	0.051716
-0.29834	-0.002155	0.055193
-0.2981	0.084733	0.05485
-0.29785	0.20059	0.051256
-0.29761	0.33953	0.046282
-0.29736	0.49287	0.042936
-0.29712	0.6511	0.042923
-0.29688	0.80465	0.047398
-0.29663	0.94557	0.055681
-0.29639	1.0689	0.06632
-0.29614	1.1723	0.077016
-0.2959	1.2565	0.086315
-0.29565	1.3236	0.093643
-0.29541	1.3764	0.099856
-0.29517	1.4182	0.10605
-0.29492	1.453	0.11328
-0.29468	1.4855	0.12044
-0.29443	1.5216	0.12237
-0.29419	1.5659	0.12413
-0.29395	1.6182	0.12529
-0.2937	1.6753	0.12467
-0.29346	1.7342	0.12202
-0.29321	1.791	0.11801
-0.29297	1.8413	0.11495
-0.29272	1.8812	0.11489
-0.29248	1.9063	0.11866
-0.29224	1.9136	0.12534
-0.29199	1.9017	0.13332
-0.29175	1.8706	0.1396
-0.2915	1.8224	0.14264
-0.29126	1.7613	0.14169
-0.29102	1.6922	0.13788
-0.29077	1.6201	0.13234
-0.29053	1.5488	0.12751
-0.29028	1.4804	0.12471
-0.29004	1.4212	0.12168
-0.28979	1.3625	0.11989
-0.28955	1.3052	0.11745
-0.28931	1.252	0.11221
-0.28906	1.2068	0.10339
-0.28882	1.1716	0.091819
-0.28857	1.147	0.080077
-0.28833	1.1306	0.073833
-0.28809	1.1194	0.067601
-0.28784	1.1131	0.06027
-0.2876	1.1118	0.052121
-0.28735	1.1152	0.043183
-0.28711	1.1232	0.033952
-0.28687	1.1348	0.024836
-0.28662	1.1486	0.01688
-0.28638	1.1635	0.010939
-0.28613	1.178	0.0079525
-0.28589	1.1924	0.007259
-0.28564	1.2074	0.0080319
-0.2854	1.2249	0.0082221
-0.28516	1.2476	0.006324
-0.28491	1.2774	0.00067907
-0.28467	1.3172	-0.0091096
-0.28442	1.3676	-0.023016
-0.28418	1.4276	-0.040006
-0.28394	1.4893	-0.056007
-0.28369	1.5581	-0.072064
-0.28345	1.6292	-0.087017
-0.2832	1.6951	-0.099751
-0.28296	1.7484	-0.11059
-0.28271	1.7854	-0.12054
-0.28247	1.8022	-0.13009
-0.28223	1.797	-0.13968
-0.28198	1.7705	-0.14953
-0.28174	1.7227	-0.16023
-0.28149	1.6578	-0.17149
-0.28125	1.5787	-0.18344
-0.28101	1.4893	-0.19622
-0.28076	1.3932	-0.20988
-0.28052	1.2944	-0.22393
-0.28027	1.1973	-0.2371
-0.28003	1.104	-0.24797
-0.27979	1.0111	-0.25467
-0.27954	0.91491	-0.2564
-0.2793	0.81139	-0.25291
-0.27905	0.69711	-0.24535
-0.27881	0.56904	-0.23528
-0.27856	0.42362	-0.22405
-0.27832	0.25913	-0.2123
-0.27808	0.076521	-0.20112
-0.27783	-0.12235	-0.19031
-0.27759	-0.33323	-0.17993
-0.27734	-0.55677	-0.17364
-0.2771	-0.77806	-0.16819
-0.27686	-0.98861	-0.16314
-0.27661	-1.1823	-0.15874
-0.27637	-1.3531	-0.1548
-0.27612	-1.4997	-0.15139
-0.27588	-1.6229	-0.14866
-0.27563	-1.7242	-0.14647
-0.27539	-1.8075	-0.14573
-0.27515	-1.876	-0.14681
-0.2749	-1.9329	-0.15049
-0.27466	-1.9797	-0.15723
-0.27441	-2.0168	-0.16684
-0.27417	-2.046	-0.17838
-0.27393	-2.0691	-0.19028
-0.27368	-2.0844	-0.20055
-0.27344	-2.091	-0.20644
-0.27319	-2.0861	-0.20555
-0.27295	-2.066	-0.19655
-0.27271	-2.0259	-0.17902
-0.27246	-1.9593	-0.15374
-0.27222	-1.86	-0.12272
-0.27197	-1.7259	-0.087401
-0.27173	-1.558	-0.050216
-0.27148	-1.3629	-0.012751
-0.27124	-1.1449	0.027712
-0.271	-0.92106	0.067224
-0.27075	-0.6996	0.10577
-0.27051	-0.48602	0.14338
-0.27026	-0.28341	0.17945
-0.27002	-0.089697	0.21357
-0.26978	0.098604	0.24539
-0.26953	0.28345	0.27364
-0.26929	0.46453	0.29731
-0.26904	0.64257	0.31518
-0.2688	0.81588	0.32639
-0.26855	0.98075	0.3308
-0.26831	1.1346	0.32828
-0.26807	1.2768	0.31849
-0.26782	1.4092	0.30203
-0.26758	1.5324	0.27886
-0.26733	1.6474	0.24973
-0.26709	1.753	0.21666
-0.26685	1.8483	0.18262
-0.2666	1.9355	0.15233
-0.26636	2.0174	0.12957
-0.26611	2.0765	0.11329
-0.26587	2.1012	0.10422
-0.26562	2.0866	0.10356
-0.26538	2.0342	0.11056
-0.26514	1.9504	0.12455
-0.26489	1.8438	0.14348
-0.26465	1.7229	0.16499
-0.2644	1.5954	0.18835
-0.26416	1.4677	0.21315
-0.26392	1.3414	0.23935
-0.26367	1.2125	0.26733
-0.26343	1.075	0.2976
-0.26318	0.92563	0.33012
-0.26294	0.75974	0.36459
-0.2627	0.57598	0.39999
-0.26245	0.37821	0.43486
-0.26221	0.17336	0.46691
-0.26196	-0.038559	0.4919
-0.26172	-0.24137	0.50849
-0.26147	-0.42706	0.51675
-0.26123	-0.59396	0.51618
-0.26099	-0.74614	0.50536
-0.26074	-0.89357	0.48295
-0.2605	-1.0503	0.44675
-0.26025	-1.23	0.39704
-0.26001	-1.423	0.33873
-0.25977	-1.6179	0.2742
-0.25952	-1.805	0.20453
-0.25928	-1.976	0.13214
-0.25903	-2.1223	0.058397
-0.25879	-2.2413	-0.014654
-0.25854	-2.3331	-0.084699
-0.2583	-2.4042	-0.14986
-0.25806	-2.4648	-0.20912
-0.25781	-2.5253	-0.2615
-0.25757	-2.5905	-0.30648
-0.25732	-2.6587	-0.34318
-0.25708	-2.7242	-0.3702
-0.25684	-2.7759	-0.38634
-0.25659	-2.8009	-0.39031
-0.25635	-2.7912	-0.38215
-0.2561	-2.7438	-0.36254
-0.25586	-2.6566	-0.33054
-0.25562	-2.5498	-0.28914
-0.25537	-2.4397	-0.24215
-0.25513	-2.3393	-0.19321
-0.25488	-2.255	-0.14611
-0.25464	-2.1856	-0.1032
-0.25439	-2.1247	-0.067019
-0.25415	-2.0609	-0.040989
-0.25391	-1.9834	-0.027254
-0.25366	-1.8871	-0.026852
-0.25342	-1.7713	-0.039704
-0.25317	-1.6393	-0.064676
-0.25293	-1.5004	-0.099131
-0.25269	-1.3646	-0.14076
-0.25244	-1.2407	-0.18686
-0.2522	-1.1326	-0.23597
-0.25195	-1.0374	-0.28584
-0.25171	-0.94574	-0.33545
-0.25146	-0.84696	-0.383
-0.25122	-0.73057	-0.42722
-0.25098	-0.59112	-0.46678
-0.25073	-0.43129	-0.5004
-0.25049	-0.26171	-0.52712
-0.25024	-0.097492	-0.54733
-0.25	0.044184	-0.56165
-0.24976	0.1504	-0.57143
-0.24951	0.2141	-0.57561
-0.24927	0.23586	-0.57777
-0.24902	0.22334	-0.57236
-0.24878	0.19143	-0.55922
-0.24854	0.15506	-0.53955
-0.24829	0.12674	-0.51453
-0.24805	0.11003	-0.4851
-0.2478	0.10266	-0.45252
-0.24756	0.098035	-0.4182
-0.24731	0.087253	-0.38343
-0.24707	0.062535	-0.34945
-0.24683	0.021726	-0.3173
-0.24658	-0.032249	-0.28705
-0.24634	-0.092564	-0.25906
-0.24609	-0.15033	-0.23267
-0.24585	-0.19817	-0.20718
-0.24561	-0.23476	-0.18151
-0.24536	-0.26311	-0.15587
-0.24512	-0.29163	-0.1309
-0.24487	-0.33145	-0.10804
-0.24463	-0.3936	-0.088392
-0.24438	-0.48519	-0.073484
-0.24414	-0.60838	-0.063052
-0.2439	-0.76036	-0.055949
-0.24365	-0.93198	-0.049944
-0.24341	-1.1102	-0.045062
-0.24316	-1.2797	-0.036534
-0.24292	-1.4274	-0.028561
-0.24268	-1.5465	-0.019679
-0.24243	-1.6368	-0.0083117
-0.24219	-1.7048	0.0070064
-0.24194	-1.7594	0.027382
-0.2417	-1.8095	0.053206
-0.24146	-1.8612	0.084346
-0.24121	-1.9152	0.12027
-0.24097	-1.9682	0.15997
-0.24072	-2.015	0.2019
-0.24048	-2.0498	0.24454
-0.24023	-2.0692	0.28649
-0.23999	-2.0742	0.32596
-0.23975	-2.07	0.36143
-0.2395	-2.0642	0.39208
-0.23926	-2.0655	0.41746
-0.23901	-2.0803	0.4381
-0.23877	-2.1114	0.455
-0.23853	-2.1579	0.4678
-0.23828	-2.2156	0.47575
-0.23804	-2.2737	0.48109
-0.23779	-2.3207	0.48503
-0.23755	-2.3474	0.48747
-0.2373	-2.3476	0.48841
-0.23706	-2.3203	0.48745
-0.23682	-2.2687	0.4843
-0.23657	-2.1991	0.47944
-0.23633	-2.1193	0.47352
-0.23608	-2.0361	0.4673
-0.23584	-1.9544	0.46179
-0.2356	-1.8757	0.458
-0.23535	-1.7983	0.45702
-0.23511	-1.7196	0.45942
-0.23486	-1.6364	0.46521
-0.23462	-1.5473	0.47425
-0.23438	-1.4545	0.48586
-0.23413	-1.3632	0.49892
-0.23389	-1.2756	0.51048
-0.23364	-1.2027	0.52163
-0.2334	-1.1506	0.53052
-0.23315	-1.1219	0.53462
-0.23291	-1.1153	0.5324
-0.23267	-1.1247	0.52269
-0.23242	-1.1396	0.50565
-0.23218	-1.1472	0.48353
-0.23193	-1.1392	0.45584
-0.23169	-1.111	0.42255
-0.23145	-1.0618	0.38561
-0.2312	-0.9946	0.34631
-0.23096	-0.91371	0.30577
-0.23071	-0.82415	0.26483
-0.23047	-0.73057	0.2239
-0.23022	-0.63656	0.18354
-0.22998	-0.54393	0.14384
-0.22974	-0.45284	0.10509
-0.22949	-0.36381	0.067676
-0.22925	-0.27812	0.031431
-0.229	-0.19832	-0.0035604
-0.22876	-0.12859	-0.037437
-0.22852	-0.075	-0.07004
-0.22827	-0.042803	-0.10144
-0.22803	-0.036116	-0.13186
-0.22778	-0.060234	-0.1597
-0.22754	-0.10755	-0.18728
-0.22729	-0.1691	-0.21489
-0.22705	-0.23218	-0.24172
-0.22681	-0.28331	-0.26824
-0.22656	-0.31178	-0.29452
-0.22632	-0.31136	-0.31997
-0.22607	-0.28119	-0.34448
-0.22583	-0.22648	-0.36811
-0.22559	-0.15482	-0.39116
-0.22534	-0.074466	-0.41418
-0.2251	0.0078342	-0.43619
-0.22485	0.086386	-0.45649
-0.22461	0.15685	-0.47468
-0.22437	0.21784	-0.49059
-0.22412	0.26979	-0.50427
-0.22388	0.31217	-0.51534
-0.22363	0.34411	-0.52398
-0.22339	0.36455	-0.53129
-0.22314	0.37106	-0.53863
-0.2229	0.3604	-0.54596
-0.22266	0.32895	-0.55396
-0.22241	0.2757	-0.5621
-0.22217	0.20147	-0.56914
-0.22192	0.11187	-0.5744
-0.22168	0.015184	-0.57613
-0.22144	-0.078627	-0.57558
-0.22119	-0.16383	-0.57622
-0.22095	-0.219	-0.57499
-0.2207	-0.2362	-0.57136
-0.22046	-0.21286	-0.5653
-0.22021	-0.15389	-0.55726
-0.21997	-0.069603	-0.54746
-0.21973	0.027811	-0.53595
-0.21948	0.12505	-0.5216
-0.21924	0.21032	-0.50417
-0.21899	0.27526	-0.48443
-0.21875	0.31523	-0.46259
-0.21851	0.32942	-0.43873
-0.21826	0.31847	-0.41292
-0.21802	0.28437	-0.38555
-0.21777	0.23049	-0.3572
-0.21753	0.16027	-0.32848
-0.21729	0.076572	-0.29952
-0.21704	-0.016014	-0.26996
-0.2168	-0.11393	-0.24049
-0.21655	-0.21273	-0.2104
-0.21631	-0.30719	-0.18053
-0.21606	-0.39157	-0.1519
-0.21582	-0.45885	-0.12449
-0.21558	-0.5013	-0.099375
-0.21533	-0.50974	-0.075236
-0.21509	-0.47253	-0.048082
-0.21484	-0.39829	-0.020502
-0.2146	-0.29207	0.0078356
-0.21436	-0.16445	0.0374
-0.21411	-0.028828	0.068383
-0.21387	0.099336	0.10055
-0.21362	0.20519	0.13319
-0.21338	0.27739	0.16528
-0.21313	0.31048	0.1958
-0.21289	0.30371	0.22417
-0.21265	0.26044	0.25025
-0.2124	0.18804	0.27436
-0.21216	0.094671	0.29706
-0.21191	-0.010012	0.31859
-0.21167	-0.11542	0.33896
-0.21143	-0.21178	0.35824
-0.21118	-0.28927	0.37627
-0.21094	-0.34355	0.39325
-0.21069	-0.37043	0.40969
-0.21045	-0.3679	0.42589
-0.21021	-0.32945	0.44082
-0.20996	-0.26493	0.45485
-0.20972	-0.17698	0.46762
-0.20947	-0.066665	0.47888
-0.20923	0.063223	0.48868
-0.20898	0.2058	0.49731
-0.20874	0.35072	0.50466
-0.2085	0.48518	0.51082
-0.20825	0.5957	0.51595
-0.20801	0.67083	0.51997
-0.20776	0.70176	0.52282
-0.20752	0.68636	0.52481
-0.20728	0.62807	0.52607
-0.20703	0.53584	0.52655
-0.20679	0.42268	0.52612
-0.20654	0.30347	0.52458
-0.2063	0.19223	0.52158
-0.20605	0.10336	0.51707
-0.20581	0.046063	0.51041
-0.20557	0.031548	0.5029
-0.20532	0.063536	0.49391
-0.20508	0.13636	0.48307
-0.20483	0.24291	0.47062
-0.20459	0.3728	0.45644
-0.20435	0.51543	0.44056
-0.2041	0.65484	0.42448
-0.20386	0.7927	0.40764
-0.20361	0.925	0.3893
-0.20337	1.046	0.369
-0.20312	1.1469	0.34631
-0.20288	1.2229	0.32126
-0.20264	1.2683	0.29463
-0.20239	1.2793	0.2676
-0.20215	1.2564	0.24087
-0.2019	1.2027	0.21505
-0.20166	1.1245	0.19051
-0.20142	1.0338	0.16682
-0.20117	0.94538	0.1437
-0.20093	0.87091	0.12099
-0.20068	0.82006	0.098835
-0.20044	0.8015	0.076876
-0.2002	0.81897	0.054619
-0.19995	0.87196	0.030949
-0.19971	0.95897	0.0062127
-0.19946	1.068	-0.01973
-0.19922	1.1892	-0.046143
-0.19897	1.3199	-0.07177
-0.19873	1.4555	-0.096002
-0.19849	1.5889	-0.1186
-0.19824	1.7124	-0.13956
-0.198	1.8164	-0.15986
-0.19775	1.8906	-0.1803
-0.19751	1.9281	-0.20127
-0.19727	1.9221	-0.2226
-0.19702	1.8729	-0.24424
-0.19678	1.7832	-0.26628
-0.19653	1.6613	-0.28855
-0.19629	1.5183	-0.31113
-0.19604	1.3679	-0.33408
-0.1958	1.2275	-0.35671
-0.19556	1.1174	-0.37839
-0.19531	1.0508	-0.39797
-0.19507	1.0365	-0.41485
-0.19482	1.0788	-0.42911
-0.19458	1.1742	-0.44149
-0.19434	1.3079	-0.45247
-0.19409	1.4611	-0.46213
-0.19385	1.6102	-0.46987
-0.1936	1.7342	-0.47531
-0.19336	1.8219	-0.48093
-0.19312	1.873	-0.4869
-0.19287	1.8779	-0.49312
-0.19263	1.8368	-0.49956
-0.19238	1.756	-0.50609
-0.19214	1.6443	-0.51281
-0.19189	1.5135	-0.51888
-0.19165	1.3781	-0.52303
-0.19141	1.2489	-0.52405
-0.19116	1.1378	-0.52157
-0.19092	1.0546	-0.51582
-0.19067	1.0037	-0.5073
-0.19043	0.9875	-0.49707
-0.19019	1.0049	-0.48592
-0.18994	1.0524	-0.47444
-0.1897	1.1213	-0.4632
-0.18945	1.201	-0.45239
-0.18921	1.2794	-0.44176
-0.18896	1.3432	-0.43071
-0.18872	1.3805	-0.41824
-0.18848	1.3819	-0.40405
-0.18823	1.3453	-0.3884
-0.18799	1.2752	-0.37193
-0.18774	1.1861	-0.35555
-0.1875	1.0936	-0.34002
-0.18726	1.0112	-0.32447
-0.18701	0.94382	-0.30881
-0.18677	0.90315	-0.29331
-0.18652	0.89165	-0.278
-0.18628	0.90546	-0.26301
-0.18604	0.93638	-0.24825
-0.18579	0.97405	-0.23313
-0.18555	1.0075	-0.21748
-0.1853	1.0262	-0.20088
-0.18506	1.0232	-0.18278
-0.18481	0.99407	-0.16221
-0.18457	0.94085	-0.13892
-0.18433	0.86729	-0.11355
-0.18408	0.78235	-0.086576
-0.18384	0.69621	-0.058882
-0.18359	0.62122	-0.030949
-0.18335	0.5676	-0.0029775
-0.18311	0.54428	0.025211
-0.18286	0.55621	0.054224
-0.18262	0.60372	0.083705
-0.18237	0.68301	0.11157
-0.18213	0.78811	0.13377
-0.18188	0.90162	0.1548
-0.18164	1.0063	0.17695
-0.1814	1.0864	0.20008
-0.18115	1.1284	0.22335
-0.18091	1.122	0.24593
-0.18066	1.0631	0.26739
-0.18042	0.95418	0.28728
-0.18018	0.80614	0.306
-0.17993	0.63692	0.32366
-0.17969	0.46962	0.34041
-0.17944	0.3284	0.35624
-0.1792	0.23484	0.37087
-0.17896	0.20398	0.38386
-0.17871	0.24077	0.39505
-0.17847	0.33976	0.40473
-0.17822	0.48699	0.41359
-0.17798	0.66288	0.42235
-0.17773	0.86545	0.43349
-0.17749	1.0525	0.44536
-0.17725	1.2038	0.45778
-0.177	1.3044	0.46958
-0.17676	1.3441	0.47939
-0.17651	1.3185	0.48656
-0.17627	1.228	0.49265
-0.17603	1.0786	0.50212
-0.17578	0.88923	0.51132
-0.17554	0.68183	0.51863
-0.17529	0.48026	0.5242
-0.17505	0.30815	0.52919
-0.1748	0.18602	0.53456
-0.17456	0.12959	0.54063
-0.17432	0.1469	0.54719
-0.17407	0.23683	0.55332
-0.17383	0.38967	0.55841
-0.17358	0.59201	0.56154
-0.17334	0.81964	0.56251
-0.1731	1.0406	0.56174
-0.17285	1.2246	0.55916
-0.17261	1.3438	0.55437
-0.17236	1.3788	0.54686
-0.17212	1.3214	0.53682
-0.17188	1.1761	0.52441
-0.17163	0.94014	0.50837
-0.17139	0.66289	0.49087
-0.17114	0.37892	0.47198
-0.1709	0.12147	0.45214
-0.17065	-0.079563	0.43131
-0.17041	-0.20282	0.40928
-0.17017	-0.23651	0.38601
-0.16992	-0.17956	0.36163
-0.16968	-0.040428	0.33643
-0.16943	0.16109	0.31068
-0.16919	0.39576	0.28505
-0.16895	0.62981	0.25999
-0.1687	0.83039	0.23558
-0.16846	0.96784	0.21157
-0.16821	1.0231	0.18793
-0.16797	0.98905	0.16495
-0.16772	0.87041	0.14294
-0.16748	0.67624	0.1218
-0.16724	0.42871	0.1012
-0.16699	0.15608	0.080403
-0.16675	-0.11143	0.058842
-0.1665	-0.34351	0.036112
-0.16626	-0.51387	0.012291
-0.16602	-0.60264	-0.012676
-0.16577	-0.59847	-0.039482
-0.16553	-0.50154	-0.068175
-0.16528	-0.32505	-0.098607
-0.16504	-0.10013	-0.12761
-0.16479	0.14575	-0.15727
-0.16455	0.37764	-0.18772
-0.16431	0.5627	-0.21917
-0.16406	0.67576	-0.25147
-0.16382	0.70101	-0.28442
-0.16357	0.63374	-0.31788
-0.16333	0.48038	-0.35168
-0.16309	0.25845	-0.38554
-0.16284	-0.0052843	-0.41925
-0.1626	-0.27977	-0.45287
-0.16235	-0.53199	-0.48663
-0.16211	-0.73192	-0.5209
-0.16187	-0.85494	-0.55579
-0.16162	-0.88616	-0.59081
-0.16138	-0.82214	-0.62474
-0.16113	-0.67343	-0.65653
-0.16089	-0.46097	-0.68525
-0.16064	-0.21564	-0.71067
-0.1604	0.026956	-0.73337
-0.16016	0.23138	-0.75438
-0.15991	0.36853	-0.77432
-0.15967	0.41869	-0.79265
-0.15942	0.37395	-0.80861
-0.15918	0.23825	-0.82145
-0.15894	0.034691	-0.83351
-0.15869	-0.21531	-0.84294
-0.15845	-0.48132	-0.85029
-0.1582	-0.73118	-0.85591
-0.15796	-0.93442	-0.86011
-0.15771	-1.0663	-0.86291
-0.15747	-1.1117	-0.86388
-0.15723	-1.0662	-0.86219
-0.15698	-0.93749	-0.85752
-0.15674	-0.7462	-0.85037
-0.15649	-0.52125	-0.84171
-0.15625	-0.2955	-0.83243
-0.15601	-0.10197	-0.82278
-0.15576	0.032255	-0.8122
-0.15552	0.088826	-0.79948
-0.15527	0.061123	-0.78372
-0.15503	-0.046937	-0.76463
-0.15479	-0.21992	-0.74319
-0.15454	-0.43629	-0.72083
-0.1543	-0.66892	-0.69846
-0.15405	-0.88857	-0.67492
-0.15381	-1.0659	-0.64912
-0.15356	-1.1771	-0.62076
-0.15332	-1.2088	-0.58984
-0.15308	-1.1588	-0.5565
-0.15283	-1.0366	-0.52125
-0.15259	-0.86104	-0.48466
-0.15234	-0.65726	-0.44687
-0.1521	-0.45372	-0.40785
-0.15186	-0.27888	-0.36719
-0.15161	-0.15655	-0.32454
-0.15137	-0.10362	-0.27968
-0.15112	-0.12799	-0.23282
-0.15088	-0.22716	-0.18447
-0.15063	-0.38765	-0.13526
-0.15039	-0.58808	-0.085567
-0.15015	-0.80055	-0.035271
-0.1499	-0.99557	0.0161
-0.14966	-1.1478	0.072093
-0.14941	-1.2389	0.12949
-0.14917	-1.2562	0.1873
-0.14893	-1.1958	0.2444
-0.14868	-1.0653	0.30015
-0.14844	-0.88256	0.35491
-0.14819	-0.67406	0.40937
-0.14795	-0.47072	0.46286
-0.14771	-0.3043	0.51505
-0.14746	-0.20105	0.56609
-0.14722	-0.17639	0.61613
-0.14697	-0.23381	0.66474
-0.14673	-0.36384	0.71133
-0.14648	-0.54809	0.75541
-0.14624	-0.76173	0.79659
-0.146	-0.9759	0.8347
-0.14575	-1.163	0.86973
-0.14551	-1.3007	0.90204
-0.14526	-1.3726	0.93191
-0.14502	-1.3697	0.95927
-0.14478	-1.2917	0.98381
-0.14453	-1.1486	1.0054
-0.14429	-0.95824	1.0239
-0.14404	-0.7472	1.0396
-0.1438	-0.54544	1.053
-0.14355	-0.38213	1.061
-0.14331	-0.28058	1.0665
-0.14307	-0.25919	1.0695
-0.14282	-0.32463	1.0697
-0.14258	-0.47147	1.0674
-0.14233	-0.67813	1.0625
-0.14209	-0.91508	1.0549
-0.14185	-1.1487	1.0447
-0.1416	-1.3475	1.0324
-0.14136	-1.4861	1.0184
-0.14111	-1.548	1.0026
-0.14087	-1.5261	0.98461
-0.14062	-1.4242	0.96402
-0.14038	-1.2549	0.94016
-0.14014	-1.0381	0.91305
-0.13989	-0.80065	0.88331
-0.13965	-0.57355	0.85175
-0.1394	-0.38709	0.8188
-0.13916	-0.26922	0.78426
-0.13892	-0.24081	0.74766
-0.13867	-0.30932	0.70848
-0.13843	-0.46779	0.66652
-0.13818	-0.69529	0.62213
-0.13794	-0.95956	0.57563
-0.1377	-1.2227	0.52762
-0.13745	-1.4475	0.47868
-0.13721	-1.6061	0.42846
-0.13696	-1.6828	0.3775
-0.13672	-1.6696	0.32566
-0.13647	-1.568	0.27321
-0.13623	-1.3929	0.22042
-0.13599	-1.1657	0.1677
-0.13574	-0.9124	0.11523
-0.1355	-0.66218	0.063037
-0.13525	-0.44511	0.011091
-0.13501	-0.28938	-0.040791
-0.13477	-0.21789	-0.092503
-0.13452	-0.24361	-0.14388
-0.13428	-0.36717	-0.19441
-0.13403	-0.57473	-0.24385
-0.13379	-0.83832	-0.29193
-0.13354	-1.1193	-0.33841
-0.1333	-1.3761	-0.38326
-0.13306	-1.5699	-0.42633
-0.13281	-1.6729	-0.46765
-0.13257	-1.6731	-0.5073
-0.13232	-1.5737	-0.54505
-0.13208	-1.3914	-0.58141
-0.13184	-1.1512	-0.61658
-0.13159	-0.88116	-0.65066
-0.13135	-0.60972	-0.68371
-0.1311	-0.36199	-0.7147
-0.13086	-0.16041	-0.74354
-0.13062	-0.031032	-0.76954
-0.13037	0.0035835	-0.79315
-0.13013	-0.068181	-0.81479
-0.12988	-0.24164	-0.83448
-0.12964	-0.49466	-0.85212
-0.12939	-0.78892	-0.86788
-0.12915	-1.077	-0.88191
-0.12891	-1.3126	-0.89399
-0.12866	-1.4612	-0.90389
-0.12842	-1.5057	-0.91167
-0.12817	-1.4476	-0.9173
-0.12793	-1.302	-0.92034
-0.12769	-1.091	-0.92043
-0.12744	-0.83839	-0.91779
-0.1272	-0.56765	-0.91284
-0.12695	-0.30251	-0.90654
-0.12671	-0.069018	-0.89997
-0.12646	0.10384	-0.89364
-0.12622	0.18728	-0.8873
-0.12598	0.16394	-0.87792
-0.12573	0.039565	-0.86626
-0.12549	-0.17068	-0.85241
-0.12524	-0.43767	-0.83611
-0.125	-0.7213	-0.8173
-0.12476	-0.97799	-0.79636
-0.12451	-1.1691	-0.77399
-0.12427	-1.268	-0.75052
-0.12402	-1.2646	-0.72628
-0.12378	-1.1646	-0.70165
-0.12354	-0.98512	-0.6763
-0.12329	-0.75073	-0.6494
-0.12305	-0.48912	-0.62049
-0.1228	-0.22756	-0.58945
-0.12256	0.0081543	-0.5563
-0.12231	0.19423	-0.52101
-0.12207	0.30955	-0.48403
-0.12183	0.33826	-0.44631
-0.12158	0.28848	-0.40012
-0.12134	0.13576	-0.35628
-0.12109	-0.097397	-0.31645
-0.12085	-0.37169	-0.27918
-0.12061	-0.63961	-0.2417
-0.12036	-0.85468	-0.2027
-0.12012	-0.98417	-0.16188
-0.11987	-1.0136	-0.12178
-0.11963	-0.95341	-0.081584
-0.11938	-0.81869	-0.041588
-0.11914	-0.63009	-0.001804
-0.1189	-0.40934	0.037323
-0.11865	-0.17801	0.075106
-0.11841	0.042468	0.11031
-0.11816	0.23036	0.14262
-0.11792	0.36547	0.17298
-0.11768	0.43179	0.20335
-0.11743	0.41847	0.23438
-0.11719	0.32146	0.26573
-0.11694	0.15168	0.29674
-0.1167	-0.066374	0.32732
-0.11646	-0.29963	0.35642
-0.11621	-0.51132	0.38424
-0.11597	-0.66739	0.41119
-0.11572	-0.74416	0.43651
-0.11548	-0.74931	0.45211
-0.11523	-0.65965	0.46899
-0.11499	-0.49677	0.48933
-0.11475	-0.29341	0.51123
-0.1145	-0.082434	0.53256
-0.11426	0.10869	0.55285
-0.11401	0.26454	0.57188
-0.11377	0.37733	0.59047
-0.11353	0.44413	0.60884
-0.11328	0.46142	0.62749
-0.11304	0.42596	0.64545
-0.11279	0.33509	0.66128
-0.11255	0.19249	0.67371
-0.1123	0.011304	0.68323
-0.11206	-0.18208	0.69077
-0.11182	-0.35397	0.69715
-0.11157	-0.47136	0.7025
-0.11133	-0.51084	0.70777
-0.11108	-0.46359	0.71239
-0.11084	-0.34318	0.71619
-0.1106	-0.17851	0.71781
-0.11035	-0.0037897	0.71617
-0.11011	0.15206	0.71043
-0.10986	0.27348	0.70066
-0.10962	0.35872	0.6886
-0.10938	0.4135	0.67456
-0.10913	0.44245	0.65858
-0.10889	0.443	0.64274
-0.10864	0.4134	0.62629
-0.1084	0.34403	0.60924
-0.10815	0.23223	0.59116
-0.10791	0.090169	0.571
-0.10767	-0.054882	0.5485
-0.10742	-0.16883	0.5242
-0.10718	-0.22197	0.49787
-0.10693	-0.20118	0.46884
-0.10669	-0.11489	0.43746
-0.10645	0.010476	0.40483
-0.1062	0.14107	0.3723
-0.10596	0.24916	0.34102
-0.10571	0.32276	0.31191
-0.10547	0.36567	0.28491
-0.10522	0.39184	0.25876
-0.10498	0.4144	0.23308
-0.10474	0.43711	0.20677
-0.10449	0.45044	0.17882
-0.10425	0.43906	0.14962
-0.104	0.39128	0.11993
-0.10376	0.30786	0.091077
-0.10352	0.20584	0.06445
-0.10327	0.11461	0.041569
-0.10303	0.062449	0.02299
-0.10278	0.067092	0.0056553
-0.10254	0.12012	-0.010247
-0.10229	0.20216	-0.026096
-0.10205	0.28643	-0.042848
-0.10181	0.35006	-0.060296
-0.10156	0.38154	-0.078209
-0.10132	0.38434	-0.096343
-0.10107	0.37361	-0.11407
-0.10083	0.367	-0.13043
-0.10059	0.37568	-0.14495
-0.10034	0.3988	-0.15742
-0.1001	0.4258	-0.16813
-0.099854	0.44134	-0.17783
-0.099609	0.43573	-0.18753
-0.099365	0.4096	-0.19844
-0.099121	0.37397	-0.21191
-0.098877	0.34515	-0.22844
-0.098633	0.33755	-0.24799
-0.098389	0.35688	-0.2694
-0.098145	0.39661	-0.29087
-0.0979	0.4401	-0.31042
-0.097656	0.47617	-0.32805
-0.097412	0.49243	-0.34376
-0.097168	0.48364	-0.35862
-0.096924	0.45364	-0.37397
-0.09668	0.41509	-0.39103
-0.096436	0.38337	-0.41017
-0.096191	0.37162	-0.43101
-0.095947	0.38421	-0.45253
-0.095703	0.41887	-0.47323
-0.095459	0.46394	-0.49163
-0.095215	0.50547	-0.50647
-0.094971	0.53167	-0.5171
-0.094727	0.53807	-0.52344
-0.094482	0.52919	-0.52618
-0.094238	0.51599	-0.52639
-0.093994	0.51058	-0.52521
-0.09375	0.52062	-0.52365
-0.093506	0.55551	-0.51675
-0.093262	0.58017	-0.5115
-0.093018	0.58023	-0.50725
-0.092773	0.54784	-0.5015
-0.092529	0.48538	-0.49133
-0.092285	0.40686	-0.47565
-0.092041	0.33701	-0.45502
-0.091797	0.30091	-0.43142
-0.091553	0.30862	-0.40584
-0.091309	0.35819	-0.37967
-0.091064	0.434	-0.35361
-0.09082	0.51083	-0.32862
-0.090576	0.56555	-0.30395
-0.090332	0.58686	-0.2792
-0.090088	0.57917	-0.25392
-0.089844	0.56104	-0.22764
-0.0896	0.5521	-0.20005
-0.089355	0.5676	-0.17118
-0.089111	0.60077	-0.14196
-0.088867	0.62903	-0.11395
-0.088623	0.6261	-0.087821
-0.088379	0.57363	-0.064275
-0.088135	0.47327	-0.043654
-0.087891	0.35193	-0.025709
-0.087646	0.24895	-0.010283
-0.087402	0.18594	-0.0024686
-0.087158	0.20401	0.0059513
-0.086914	0.2899	0.016359
-0.08667	0.40514	0.027062
-0.086426	0.50563	0.03625
-0.086182	0.56269	0.042798
-0.085938	0.5725	0.046437
-0.085693	0.5589	0.047623
-0.085449	0.55557	0.046958
-0.085205	0.58351	0.045073
-0.084961	0.6399	0.042185
-0.084717	0.70218	0.039292
-0.084473	0.73051	0.036735
-0.084229	0.69195	0.034943
-0.083984	0.58034	0.034069
-0.08374	0.42143	0.034483
-0.083496	0.26341	0.036481
-0.083252	0.15302	0.040015
-0.083008	0.12225	0.045311
-0.082764	0.17199	0.053865
-0.08252	0.27304	0.065921
-0.082275	0.38372	0.081401
-0.082031	0.47027	0.10024
-0.081787	0.52075	0.12136
-0.081543	0.54856	0.14336
-0.081299	0.58212	0.16493
-0.081055	0.63562	0.18539
-0.080811	0.6947	0.20664
-0.080566	0.75806	0.2278
-0.080322	0.79335	0.24907
-0.080078	0.76981	0.27104
-0.079834	0.67632	0.29419
-0.07959	0.52825	0.31838
-0.079346	0.36104	0.34316
-0.079102	0.21975	0.36699
-0.078857	0.13818	0.38771
-0.078613	0.12605	0.40334
-0.078369	0.1717	0.4117
-0.078125	0.25028	0.41246
-0.077881	0.33523	0.4068
-0.077637	0.41229	0.39711
-0.077393	0.47946	0.3861
-0.077148	0.54533	0.37593
-0.076904	0.61514	0.36799
-0.07666	0.686	0.36073
-0.076416	0.74384	0.35141
-0.076172	0.76706	0.33719
-0.075928	0.73744	0.31596
-0.075684	0.64957	0.28766
-0.075439	0.51339	0.25506
-0.075195	0.35206	0.22171
-0.074951	0.19806	0.1908
-0.074707	0.093766	0.16288
-0.074463	0.035614	0.1414
-0.074219	0.023664	0.12708
-0.073975	0.053881	0.11959
-0.07373	0.12174	0.11655
-0.073486	0.21847	0.11482
-0.073242	0.33277	0.11112
-0.072998	0.45249	0.10333
-0.072754	0.56366	0.0912
-0.07251	0.65033	0.076135
-0.072266	0.69917	0.061313
-0.072021	0.70213	0.05057
-0.071777	0.66047	0.04738
-0.071533	0.57996	0.05326
-0.071289	0.47112	0.067445
-0.071045	0.34308	0.086333
-0.070801	0.21003	0.10466
-0.070557	0.086487	0.11724
-0.070312	-0.013642	0.1207
-0.070068	-0.07303	0.11506
-0.069824	-0.091301	0.10427
-0.06958	-0.040065	0.091463
-0.069336	0.076747	0.079648
-0.069092	0.23674	0.071837
-0.068848	0.40576	0.069656
-0.068604	0.54681	0.072775
-0.068359	0.6361	0.079405
-0.068115	0.66694	0.086034
-0.067871	0.64735	0.088543
-0.067627	0.59074	0.084261
-0.067383	0.51142	0.072137
-0.067139	0.41619	0.053316
-0.066895	0.3038	0.030646
-0.06665	0.17089	0.0078057
-0.066406	0.02199	-0.011382
-0.066162	-0.12453	-0.024096
-0.065918	-0.23726	-0.029574
-0.065674	-0.28452	-0.028971
-0.06543	-0.25587	-0.022537
-0.065186	-0.13667	-0.018217
-0.064941	0.051575	-0.020701
-0.064697	0.2637	-0.0323
-0.064453	0.45067	-0.051811
-0.064209	0.57479	-0.076618
-0.063965	0.6206	-0.10336
-0.063721	0.60955	-0.13105
-0.063477	0.54064	-0.15582
-0.063232	0.43524	-0.1743
-0.062988	0.30681	-0.18538
-0.062744	0.16379	-0.19014
-0.0625	0.0085725	-0.19073
-0.062256	-0.15599	-0.19078
-0.062012	-0.31304	-0.19356
-0.061768	-0.43489	-0.20022
-0.061523	-0.49067	-0.21174
-0.061279	-0.46032	-0.22705
-0.061035	-0.34198	-0.24369
-0.060791	-0.158	-0.25885
-0.060547	0.05411	-0.26907
-0.060303	0.25335	-0.27146
-0.060059	0.40617	-0.2651
-0.059814	0.49639	-0.25057
-0.05957	0.52375	-0.23015
-0.059326	0.50721	-0.21062
-0.059082	0.43564	-0.19225
-0.058838	0.30797	-0.17741
-0.058594	0.12635	-0.16734
-0.05835	-0.09639	-0.16248
-0.058105	-0.3321	-0.16082
-0.057861	-0.54115	-0.15894
-0.057617	-0.68107	-0.15197
-0.057373	-0.72259	-0.13749
-0.057129	-0.65697	-0.1157
-0.056885	-0.5003	-0.088948
-0.056641	-0.29415	-0.061572
-0.056396	-0.079254	-0.038917
-0.056152	0.11336	-0.024769
-0.055908	0.26608	-0.021442
-0.055664	0.37493	-0.029472
-0.05542	0.44118	-0.046471
-0.055176	0.4616	-0.067738
-0.054932	0.42196	-0.08845
-0.054688	0.30854	-0.10375
-0.054443	0.11729	-0.11064
-0.054199	-0.13737	-0.10881
-0.053955	-0.41697	-0.099655
-0.053711	-0.66744	-0.08722
-0.053467	-0.83691	-0.07686
-0.053223	-0.89535	-0.072862
-0.052979	-0.83935	-0.077688
-0.052734	-0.68877	-0.092607
-0.05249	-0.4865	-0.11134
-0.052246	-0.27678	-0.12807
-0.052002	-0.089218	-0.13627
-0.051758	0.064949	-0.1317
-0.051514	0.18679	-0.11322
-0.05127	0.27807	-0.082235
-0.051025	0.32632	-0.043302
-0.050781	0.31336	-0.0034582
-0.050537	0.22451	0.030865
-0.050293	0.053267	0.054496
-0.050049	-0.18492	0.064874
-0.049805	-0.44902	0.063494
-0.049561	-0.68718	0.055345
-0.049316	-0.85265	0.047589
-0.049072	-0.91851	0.045905
-0.048828	-0.88272	0.054083
-0.048584	-0.76634	0.072655
-0.04834	-0.6019	0.098444
-0.048096	-0.41805	0.12492
-0.047852	-0.23195	0.14495
-0.047607	-0.052087	0.15326
-0.047363	0.11409	0.14848
-0.047119	0.2529	0.13228
-0.046875	0.34138	0.10934
-0.046631	0.34951	0.08874
-0.046387	0.26376	0.074246
-0.046143	0.090723	0.070807
-0.045898	-0.13789	0.079702
-0.045654	-0.37518	0.099209
-0.04541	-0.57406	0.12435
-0.045166	-0.70268	0.14818
-0.044922	-0.75028	0.16455
-0.044678	-0.72804	0.17014
-0.044434	-0.65788	0.16423
-0.044189	-0.56017	0.14954
-0.043945	-0.44389	0.13135
-0.043701	-0.30972	0.11629
-0.043457	-0.15686	0.10951
-0.043213	0.0062735	0.11362
-0.042969	0.15825	0.12754
-0.042725	0.26614	0.14724
-0.04248	0.29786	0.16632
-0.042236	0.23554	0.17874
-0.041992	0.085288	0.18212
-0.041748	-0.1109	0.1822
-0.041504	-0.31046	0.17552
-0.04126	-0.47797	0.16296
-0.041016	-0.59285	0.14773
-0.040771	-0.65146	0.13399
-0.040527	-0.66076	0.1245
-0.040283	-0.63032	0.12129
-0.040039	-0.56596	0.12382
-0.039795	-0.46908	0.13003
-0.039551	-0.33959	0.13706
-0.039307	-0.18533	0.14246
-0.039062	-0.026199	0.14392
-0.038818	0.10855	0.13963
-0.038574	0.19004	0.12846
-0.03833	0.20045	0.1112
-0.038086	0.14034	0.090458
-0.037842	0.028894	0.07026
-0.037598	-0.10361	0.054393
-0.037354	-0.23585	0.03872
-0.037109	-0.35476	0.029226
-0.036865	-0.45108	0.028755
-0.036621	-0.52392	0.035336
-0.036377	-0.57077	0.046252
-0.036133	-0.58508	0.057188
-0.035889	-0.55417	0.062189
-0.035645	-0.47956	0.053112
-0.0354	-0.36533	0.035953
-0.035156	-0.22452	0.014838
-0.034912	-0.082994	-0.0052472
-0.034668	0.02921	-0.020149
-0.034424	0.086005	-0.026699
-0.03418	0.079047	-0.024989
-0.033936	0.01917	-0.018346
-0.033691	-0.070087	-0.011608
-0.033447	-0.16512	-0.009921
-0.033203	-0.24879	-0.017144
-0.032959	-0.32044	-0.034889
-0.032715	-0.38635	-0.062574
-0.032471	-0.45312	-0.095318
-0.032227	-0.51801	-0.12735
-0.031982	-0.56606	-0.15347
-0.031738	-0.57613	-0.17004
-0.031494	-0.53546	-0.17542
-0.03125	-0.44104	-0.16518
-0.031006	-0.31072	-0.14838
-0.030762	-0.18199	-0.13227
-0.030518	-0.089303	-0.1215
-0.030273	-0.05305	-0.11783
-0.030029	-0.070494	-0.1196
-0.029785	-0.12241	-0.12238
-0.029541	-0.18406	-0.12364
-0.029297	-0.23692	-0.12185
-0.029053	-0.27904	-0.11589
-0.028809	-0.31947	-0.1065
-0.028564	-0.36982	-0.095543
-0.02832	-0.4301	-0.085086
-0.028076	-0.48964	-0.076399
-0.027832	-0.52779	-0.068245
-0.027588	-0.52336	-0.059846
-0.027344	-0.46768	-0.051052
-0.0271	-0.37304	-0.043511
-0.026855	-0.26436	-0.039627
-0.026611	-0.17147	-0.041046
-0.026367	-0.11601	-0.048635
-0.026123	-0.10181	-0.060404
-0.025879	-0.11604	-0.072219
-0.025635	-0.13975	-0.079008
-0.025391	-0.1563	-0.077211
-0.025146	-0.16151	-0.064843
-0.024902	-0.16572	-0.043516
-0.024658	-0.18823	-0.02082
-0.024414	-0.23803	0.00076713
-0.02417	-0.30967	0.014744
-0.023926	-0.38313	0.016139
-0.023682	-0.43278	0.0034885
-0.023438	-0.44035	-0.019484
-0.023193	-0.4031	-0.045664
-0.022949	-0.33668	-0.066663
-0.022705	-0.26744	-0.075043
-0.022461	-0.22057	-0.066761
-0.022217	-0.20967	-0.043657
-0.021973	-0.22868	-0.013535
-0.021729	-0.25772	0.01146
-0.021484	-0.27812	0.019813
-0.02124	-0.28106	0.0046721
-0.020996	-0.27231	-0.033018
-0.020752	-0.26749	-0.084547
-0.020508	-0.28264	-0.13492
-0.020264	-0.32266	-0.16955
-0.02002	-0.3772	-0.17903
-0.019775	-0.4243	-0.16217
-0.019531	-0.4403	-0.12725
-0.019287	-0.41423	-0.088927
-0.019043	-0.3531	-0.062877
-0.018799	-0.27696	-0.060443
-0.018555	-0.20691	-0.082857
-0.018311	-0.15929	-0.12801
-0.018066	-0.13599	-0.18338
-0.017822	-0.12365	-0.23377
-0.017578	-0.10533	-0.26635
-0.017334	-0.068822	-0.27495
-0.01709	-0.016177	-0.2615
-0.016846	0.037334	-0.23514
-0.016602	0.071199	-0.20882
-0.016357	0.07126	-0.19598
-0.016113	0.038248	-0.20448
-0.015869	-0.01235	-0.2351
-0.015625	-0.057208	-0.28129
-0.015381	-0.076657	-0.33113
-0.015137	-0.065128	-0.37199
-0.014893	-0.033988	-0.3942
-0.014648	-0.0042703	-0.39336
-0.014404	0.0041337	-0.37205
-0.01416	-0.0175	-0.33744
-0.013916	-0.061104	-0.29878
-0.013672	-0.093631	-0.26499
-0.013428	-0.11022	-0.24611
-0.013184	-0.10691	-0.24282
-0.012939	-0.090674	-0.24987
-0.012695	-0.077519	-0.25921
-0.012451	-0.081966	-0.26272
-0.012207	-0.10977	-0.25396
-0.011963	-0.15356	-0.22971
-0.011719	-0.1957	-0.19014
-0.011475	-0.21781	-0.13824
-0.01123	-0.20999	-0.079156
-0.010986	-0.17669	-0.018901
-0.010742	-0.13085	0.037155
-0.010498	-0.088184	0.085004
-0.010254	-0.057473	0.12388
-0.01001	-0.038025	0.15568
-0.0097656	-0.019293	0.18487
-0.0095215	0.011929	0.21778
-0.0092773	0.055847	0.26002
-0.0090332	0.1082	0.31989
-0.0087891	0.15844	0.40042
-0.0085449	0.19562	0.4984
-0.0083008	0.20994	0.60477
-0.0080566	0.20165	0.70708
-0.0078125	0.17858	0.79302
-0.0075684	0.13769	0.85571
-0.0073242	0.10148	0.89827
-0.0070801	0.075987	0.92681
-0.0068359	0.058022	0.95172
-0.0065918	0.038923	0.98421
-0.0063477	0.0090435	1.0336
-0.0061035	-0.035065	1.1034
-0.0058594	-0.089786	1.1896
-0.0056152	-0.1458	1.2813
-0.0053711	-0.19381	1.3645
-0.005127	-0.22992	1.4258
-0.0048828	-0.25501	1.4571
-0.0046387	-0.27459	1.4585
-0.0043945	-0.29437	1.4398
-0.0041504	-0.31605	1.4151
-0.0039062	-0.33724	1.4002
-0.0036621	-0.35176	1.407
-0.003418	-0.356	1.4388
-0.0031738	-0.34225	1.4902
-0.0029297	-0.31388	1.5425
-0.0026855	-0.27752	1.5752
-0.0024414	-0.23935	1.5726
-0.0021973	-0.19899	1.5294
-0.0019531	-0.1517	1.4499
-0.001709	-0.091188	1.3477
-0.0014648	-0.014158	1.2422
-0.0012207	0.073726	1.1531
-0.00097656	0.16254	1.0934
-0.00073242	0.24023	1.0636
-0.00048828	0.2975	1.052
-0.00024414	0.33542	1.0386
0	0.36163	1.002
0.00024414	0.38471	0.92736
0.00048828	0.40727	0.81124
0.00073242	0.42669	0.66164
0.00097656	0.43452	0.49699
0.0012207	0.42403	0.34
0.0014648	0.39265	0.21053
0.001709	0.34668	0.11855
0.0019531	0.29661	0.060943
0.0021973	0.25357	0.021174
0.0024414	0.21954	-0.023924
0.0026855	0.19123	-0.097188
0.0029297	0.15924	-0.21225
0.0031738	0.11748	-0.36676
0.003418	0.058072	-0.5445
0.0036621	-0.0037886	-0.72823
0.0039062	-0.051474	-0.89794
0.0041504	-0.071546	-1.0376
0.0043945	-0.061098	-1.1414
0.0046387	-0.030471	-1.2174
0.0048828	0.0030801	-1.2828
0.005127	0.022699	-1.3592
0.0053711	0.023148	-1.4631
0.0056152	0.015485	-1.6023
0.0058594	0.018185	-1.7718
0.0061035	0.049109	-1.9582
0.0063477	0.11772	-2.1438
0.0065918	0.21713	-2.3124
0.0068359	0.32683	-2.4518
0.0070801	0.42232	-2.5594
0.0073242	0.48698	-2.6419
0.0075684	0.52053	-2.7123
0.0078125	0.53636	-2.7865
0.0080566	0.55528	-2.8767
0.0083008	0.59308	-2.9878
0.0085449	0.65393	-3.1164
0.0087891	0.72244	-3.2502
0.0090332	0.77512	-3.3742
0.0092773	0.79178	-3.4761
0.0095215	0.77643	-3.5486
0.0097656	0.73657	-3.5848
0.01001	0.69526	-3.5889
0.010254	0.6757	-3.5709
0.010498	0.68774	-3.5442
0.010742	0.72441	-3.5206
0.010986	0.76612	-3.5062
0.01123	0.7926	-3.4998
0.011475	0.79484	-3.494
0.011719	0.78147	-3.4754
0.011963	0.7747	-3.4321
0.012207	0.799	-3.3551
0.012451	0.86803	-3.2414
0.012695	0.97579	-3.0953
0.012939	1.0986	-2.927
0.013184	1.2077	-2.7467
0.013428	1.2828	-2.5625
0.013672	1.3225	-2.379
0.013916	1.345	-2.1969
0.01416	1.3764	-2.0133
0.014404	1.439	-1.8282
0.014648	1.529	-1.6252
0.014893	1.6291	-1.395
0.015137	1.7109	-1.1327
0.015381	1.7495	-0.83866
0.015625	1.7344	-0.5179
0.015869	1.6731	-0.17898
0.016113	1.5874	0.17043
0.016357	1.4997	0.52238
0.016602	1.4204	0.87218
0.016846	1.3425	1.2196
0.01709	1.2458	1.5682
0.017334	1.1082	1.925
0.017578	0.91853	2.2979
0.017822	0.68198	2.6937
0.018066	0.41816	3.1144
0.018311	0.15119	3.5574
0.018555	-0.10346	4.014
0.018799	-0.34658	4.5061
0.019043	-0.58858	4.9826
0.019287	-0.84908	5.4326
0.019531	-1.1419	5.8516
0.019775	-1.4655	6.241
0.02002	-1.8024	6.6073
0.020264	-2.1272	6.9593
0.020508	-2.4206	7.31
0.020752	-2.6719	7.6518
0.020996	-2.8941	7.9771
0.02124	-3.1096	8.2747
0.021484	-3.3385	8.5318
0.021729	-3.5871	8.7364
0.021973	-3.8434	8.8792
0.022217	-4.084	8.954
0.022461	-4.2858	8.9613
0.022705	-4.4378	8.9059
0.022949	-4.5458	8.7958
0.023193	-4.6285	8.6386
0.023438	-4.7068	8.4394
0.023682	-4.7936	8.1987
0.023926	-4.8853	7.9119
0.02417	-4.9647	7.5722
0.024414	-5.0094	7.1717
0.024658	-5.0042	6.7047
0.024902	-4.946	6.137
0.025146	-4.8488	5.5122
0.025391	-4.7283	4.8389
0.025635	-4.594	4.1276
0.025879	-4.4458	3.3876
0.026123	-4.2726	2.6269
0.026367	-4.0576	1.8522
0.026611	-3.7882	1.0662
0.026855	-3.4614	0.26877
0.0271	-3.0861	-0.54013
0.027344	-2.6752	-1.3608
0.027588	-2.2444	-2.1914
0.027832	-1.7977	-3.0267
0.028076	-1.3293	-3.8575
0.02832	-0.82712	-4.672
0.028564	-0.28055	-5.4578
0.028809	0.31196	-6.2047
0.029053	0.94186	-6.9043
0.029297	1.5921	-7.5544
0.029541	2.2454	-8.156
0.029785	2.8901	-8.713
0.030029	3.524	-9.2289
0.030273	4.1511	-9.7052
0.030518	4.7764	-10.139
0.030762	5.4004	-10.524
0.031006	6.0145	-10.849
0.03125	6.6048	-11.101
0.031494	7.1604	-11.276
0.031738	7.6624	-11.368
0.031982	8.102	-11.381
0.032227	8.4784	-11.317
0.032471	8.7964	-11.183
0.032715	9.0615	-10.983
0.032959	9.2753	-10.719
0.033203	9.4361	-10.391
0.033447	9.5363	-9.9986
0.033691	9.5712	-9.5402
0.033936	9.5358	-9.0156
0.03418	9.4295	-8.4264
0.034424	9.2552	-7.7755
0.034668	9.0175	-7.0668
0.034912	8.7212	-6.3049
0.035156	8.3684	-5.4968
0.0354	7.9606	-4.6488
0.035645	7.4978	-3.7683
0.035889	6.981	-2.8625
0.036133	6.4112	-1.9381
0.036377	5.7919	-1.0005
0.036621	5.1277	-0.054843
0.036865	4.4239	0.8943
0.037109	3.6882	1.8409
0.037354	2.9276	2.7767
0.037598	2.1449	3.6957
0.037842	1.3521	4.5886
0.038086	0.55695	5.4468
0.03833	-0.23746	6.2621
0.038574	-1.0321	7.0266
0.038818	-1.8303	7.7332
0.039062	-2.6325	8.3761
0.039307	-3.4321	8.9504
0.039551	-4.2151	9.4523
0.039795	-4.965	9.8794
0.040039	-5.6665	10.23
0.040283	-6.3126	10.502
0.040527	-6.9059	10.694
0.040771	-7.4566	10.805
0.041016	-7.9744	10.833
0.04126	-8.4609	10.777
0.041504	-8.9068	10.636
0.041748	-9.2932	10.41
0.041992	-9.6008	10.102
0.042236	-9.8174	9.714
0.04248	-9.9405	9.2527
0.042725	-9.9877	8.7217
0.042969	-9.9778	8.1254
0.043213	-9.9231	7.4689
0.043457	-9.8229	6.7584
0.043701	-9.6637	5.9998
0.043945	-9.4255	5.1989
0.044189	-9.0932	4.3618
0.044434	-8.6645	3.4944
0.044678	-8.1555	2.6033
0.044922	-7.5919	1.6956
0.045166	-6.999	0.77964
0.04541	-6.3897	-0.13589
0.045654	-5.7617	-1.0422
0.045898	-5.1007	-1.9302
0.046143	-4.3923	-2.7914
0.046387	-3.6311	-3.6185
0.046631	-2.829	-4.405
0.046875	-1.9972	-5.1715
0.047119	-1.1701	-5.8743
0.047363	-0.37314	-6.5109
0.047607	0.38257	-7.0791
0.047852	1.1001	-7.5757
0.048096	1.7894	-7.9965
0.04834	2.4592	-8.3372
0.048584	3.1045	-8.5951
0.048828	3.7158	-8.7659
0.049072	4.2729	-8.8469
0.049316	4.7587	-8.8375
0.049561	5.1647	-8.7389
0.049805	5.4952	-8.5525
0.050049	5.7631	-8.2807
0.050293	5.9809	-7.9263
0.050537	6.1529	-7.4937
0.050781	6.2717	-6.9883
0.051025	6.3239	-6.4167
0.05127	6.2972	-5.7867
0.051514	6.1861	-5.1058
0.051758	6.001	-4.3817
0.052002	5.7589	-3.623
0.052246	5.4738	-2.8384
0.05249	5.1546	-2.0363
0.052734	4.8002	-1.2262
0.052979	4.3899	-0.3907
0.053223	3.9231	0.42317
0.053467	3.4057	1.2097
0.053711	2.8544	1.9645
0.053955	2.2917	2.6824
0.054199	1.7373	3.3574
0.054443	1.2	3.9832
0.054688	0.67409	4.5531
0.054932	0.14777	5.0615
0.055176	-0.38856	5.5048
0.05542	-0.93408	5.8805
0.055664	-1.4699	6.1882
0.055908	-1.9699	6.4278
0.056152	-2.4107	6.5993
0.056396	-2.7808	6.7028
0.056641	-3.0862	6.7388
0.056885	-3.3429	6.7078
0.057129	-3.5729	6.6114
0.057373	-3.7873	6.4527
0.057617	-3.9814	6.2354
0.057861	-4.14	5.9648
0.058105	-4.2423	5.6477
0.05835	-4.2713	5.2896
0.058594	-4.2241	4.8954
0.058838	-4.1142	4.469
0.059082	-3.9629	4.0146
0.059326	-3.7905	3.5368
0.05957	-3.6091	3.0446
0.059814	-3.4026	2.5379
0.060059	-3.1568	2.0212
0.060303	-2.8577	1.4986
0.060547	-2.5036	0.9745
0.060791	-2.1058	0.45393
0.061035	-1.6869	-0.057811
0.061279	-1.2674	-0.55558
0.061523	-0.86184	-1.034
0.061768	-0.47461	-1.4893
0.062012	-0.099669	-1.9186
0.062256	0.27516	-2.3198
0.0625	0.65842	-2.6918
0.062744	1.0496	-3.0334
0.062988	1.4386	-3.3422
0.063232	1.8127	-3.6158
0.063477	2.1602	-3.8508
0.063721	2.473	-4.0436
0.063965	2.7492	-4.1922
0.064209	2.9908	-4.2965
0.064453	3.2004	-4.3573
0.064697	3.375	-4.376
0.064941	3.512	-4.3542
0.065186	3.608	-4.2941
0.06543	3.6651	-4.1982
0.065674	3.6911	-4.0734
0.065918	3.6818	-3.9178
0.066162	3.6424	-3.7334
0.066406	3.5753	-3.5222
0.06665	3.4796	-3.2871
0.066895	3.3532	-3.0311
0.067139	3.1944	-2.7579
0.067383	3.0045	-2.4718
0.067627	2.788	-2.1773
0.067871	2.5516	-1.8787
0.068115	2.3005	-1.5797
0.068359	2.0336	-1.2833
0.068604	1.7463	-0.99163
0.068848	1.4347	-0.70604
0.069092	1.0997	-0.42738
0.069336	0.74862	-0.15649
0.06958	0.39449	0.10456
0.069824	0.052045	0.35332
0.070068	-0.27283	0.58714
0.070312	-0.57958	0.80499
0.070557	-0.85754	1.0116
0.070801	-1.1346	1.2038
0.071045	-1.4317	1.3795
0.071289	-1.751	1.5384
0.071533	-2.0788	1.6809
0.071777	-2.3886	1.8084
0.072021	-2.6551	1.9226
0.072266	-2.8675	2.024
0.07251	-3.0331	2.1122
0.072754	-3.1727	2.186
0.072998	-3.3079	2.2435
0.073242	-3.4493	2.2834
0.073486	-3.5901	2.3053
0.07373	-3.7067	2.3093
0.073975	-3.7738	2.2955
0.074219	-3.7754	2.2636
0.074463	-3.7142	2.2137
0.074707	-3.6108	2.1452
0.074951	-3.4984	2.0564
0.075195	-3.3879	1.9495
0.075439	-3.2813	1.8258
0.075684	-3.1624	1.6873
0.075928	-3.0047	1.536
0.076172	-2.7817	1.3735
0.076416	-2.4886	1.2014
0.07666	-2.1616	1.0156
0.076904	-1.8148	0.82003
0.077148	-1.4686	0.61919
0.077393	-1.137	0.41624
0.077637	-0.8185	0.21355
0.077881	-0.5025	0.013236
0.078125	-0.17703	-0.18264
0.078369	0.16572	-0.37205
0.078613	0.5218	-0.55228
0.078857	0.87513	-0.72042
0.079102	1.2054	-0.87349
0.079346	1.4975	-1.0096
0.07959	1.7502	-1.1286
0.079834	1.9725	-1.2307
0.080078	2.1765	-1.3161
0.080322	2.3685	-1.3851
0.080566	2.5459	-1.4378
0.080811	2.6954	-1.474
0.081055	2.805	-1.4912
0.081299	2.8518	-1.4919
0.081543	2.8351	-1.4773
0.081787	2.7681	-1.4485
0.082031	2.6707	-1.4078
0.082275	2.5553	-1.3569
0.08252	2.426	-1.2977
0.082764	2.2765	-1.2314
0.083008	2.0947	-1.1585
0.083252	1.873	-1.079
0.083496	1.6158	-0.99372
0.08374	1.3335	-0.90383
0.083984	1.0436	-0.81072
0.084229	0.76261	-0.71611
0.084473	0.49594	-0.6203
0.084717	0.23848	-0.52405
0.084961	-0.018388	-0.42779
0.085205	-0.28126	-0.33192
0.085449	-0.546	-0.23601
0.085693	-0.80231	-0.13907
0.085938	-1.0324	-0.041725
0.086182	-1.2209	0.054182
0.086426	-1.362	0.14789
0.08667	-1.4597	0.23877
0.086914	-1.5273	0.3266
0.087158	-1.5752	0.41148
0.087402	-1.6079	0.49192
0.087646	-1.6362	0.56214
0.087891	-1.6329	0.62632
0.088135	-1.5875	0.68526
0.088379	-1.4964	0.73895
0.088623	-1.3695	0.78606
0.088867	-1.2252	0.8244
0.089111	-1.0811	0.85227
0.089355	-0.94393	0.86782
0.0896	-0.81071	0.87073
0.089844	-0.66649	0.86199
0.090088	-0.49839	0.84336
0.090332	-0.30342	0.81668
0.090576	-0.091955	0.78285
0.09082	0.116	0.74268
0.091064	0.29879	0.69672
0.091309	0.4453	0.64535
0.091553	0.55806	0.58878
0.091797	0.65179	0.52727
0.092041	0.74171	0.46275
0.092285	0.83634	0.39785
0.092529	0.93245	0.3334
0.092773	1.013	0.26999
0.093018	1.0594	0.20723
0.093262	1.0587	0.14393
0.093506	1.0142	0.082147
0.09375	0.95734	0.028656
0.093994	0.89171	-0.019419
0.094238	0.83009	-0.060799
0.094482	0.77478	-0.094423
0.094727	0.71798	-0.12006
0.094971	0.64761	-0.13809
0.095215	0.55533	-0.1499
0.095459	0.44319	-0.15719
0.095703	0.32338	-0.16118
0.095947	0.21314	-0.16241
0.096191	0.12592	-0.16064
0.096436	0.064792	-0.15552
0.09668	0.022201	-0.14674
0.096924	-0.016356	-0.13471
0.097168	-0.063168	-0.12045
0.097412	-0.12143	-0.10548
0.097656	-0.18286	-0.091506
0.0979	-0.23211	-0.079111
0.098145	-0.25644	-0.068034
0.098389	-0.25062	-0.056856
0.098633	-0.21762	-0.04799
0.098877	-0.18221	-0.041063
0.099121	-0.1556	-0.035378
0.099365	-0.13982	-0.030199
0.099609	-0.12523	-0.025721
0.099854	-0.098797	-0.023349
0.1001	-0.048946	-0.024145
0.10034	0.025946	-0.028712
0.10059	0.11701	-0.036732
0.10083	0.20843	-0.047937
0.10107	0.28569	-0.060342
0.10132	0.34267	-0.073559
0.10156	0.38334	-0.087405
0.10181	0.4182	-0.10278
0.10205	0.45764	-0.121
0.10229	0.50511	-0.143
0.10254	0.55447	-0.16884
0.10278	0.5929	-0.19752
0.10303	0.61846	-0.2293
0.10327	0.62156	-0.2585
0.10352	0.60545	-0.2846
0.10376	0.57861	-0.30926
0.104	0.55045	-0.33501
0.10425	0.52495	-0.36391
0.10449	0.49824	-0.3974
0.10474	0.45727	-0.4304
0.10498	0.40382	-0.4609
0.10522	0.33406	-0.48741
0.10547	0.25106	-0.50978
0.10571	0.16501	-0.52868
0.10596	0.088367	-0.54441
0.1062	0.029953	-0.55665
0.10645	-0.0075736	-0.56552
0.10669	-0.030239	-0.57098
0.10693	-0.04721	-0.57153
0.10718	-0.064374	-0.5667
0.10742	-0.080217	-0.55536
0.10767	-0.087641	-0.53727
0.10791	-0.077203	-0.51295
0.10815	-0.044085	-0.48306
0.1084	0.0092699	-0.44846
0.10864	0.072227	-0.41016
0.10889	0.13041	-0.36882
0.10913	0.16335	-0.32232
0.10938	0.17376	-0.27446
0.10962	0.16995	-0.22444
0.10986	0.1657	-0.17065
0.11011	0.17269	-0.11237
0.11035	0.19534	-0.051306
0.1106	0.22884	0.010346
0.11084	0.26322	0.070215
0.11108	0.29013	0.12707
0.11133	0.30769	0.18058
0.11157	0.32277	0.23091
0.11182	0.34648	0.27931
0.11206	0.38816	0.3269
0.1123	0.44925	0.37291
0.11255	0.52213	0.41682
0.11279	0.59298	0.4579
0.11304	0.64773	0.49512
0.11328	0.67784	0.527
0.11353	0.6826	0.55348
0.11377	0.66842	0.57445
0.11401	0.64326	0.59067
0.11426	0.61056	0.60238
0.1145	0.56751	0.61002
0.11475	0.50637	0.61447
0.11499	0.42033	0.61646
0.11523	0.30655	0.61586
0.11548	0.17479	0.61162
0.11572	0.053871	0.59588
0.11597	-0.048465	0.57554
0.11621	-0.12365	0.55189
0.11646	-0.17105	0.52694
0.1167	-0.19691	0.50148
0.11694	-0.20877	0.47456
0.11719	-0.21098	0.44481
0.11743	-0.20153	0.41079
0.11768	-0.175	0.37219
0.11792	-0.12744	0.32958
0.11816	-0.059839	0.28459
0.11841	0.019155	0.23968
0.11865	0.094759	0.19635
0.1189	0.15235	0.15488
0.11914	0.18368	0.11438
0.11938	0.18987	0.073623
0.11963	0.17916	0.031355
0.11987	0.16238	-0.012171
0.12012	0.14671	-0.055514
0.12036	0.13474	-0.096434
0.12061	0.12248	-0.13326
0.12085	0.10595	-0.16598
0.12109	0.085137	-0.19598
0.12134	0.067899	-0.22504
0.12158	0.065893	-0.25377
0.12183	0.076871	-0.2748
0.12207	0.11543	-0.29376
0.12231	0.18252	-0.30949
0.12256	0.27017	-0.32058
0.1228	0.36527	-0.32594
0.12305	0.45565	-0.32553
0.12329	0.53306	-0.32042
0.12354	0.59692	-0.3125
0.12378	0.64925	-0.30339
0.12402	0.69194	-0.29403
0.12427	0.7225	-0.2842
0.12451	0.73252	-0.27275
0.12476	0.71167	-0.25788
0.125	0.65338	-0.23839
0.12524	0.55718	-0.21431
0.12549	0.43264	-0.18692
0.12573	0.29684	-0.15845
0.12598	0.16623	-0.13126
0.12622	0.053144	-0.10694
0.12646	-0.037132	-0.085633
0.12671	-0.09712	-0.06085
0.12695	-0.14638	-0.036197
0.1272	-0.18339	-0.012442
0.12744	-0.19784	0.010321
0.12769	-0.17952	0.032371
0.12793	-0.12225	0.053871
0.12817	-0.028621	0.074716
0.12842	0.087644	0.094493
0.12866	0.20555	0.11274
0.12891	0.30539	0.12914
0.12915	0.37474	0.14356
0.12939	0.41128	0.15613
0.12964	0.41957	0.16712
0.12988	0.4081	0.17664
0.13013	0.38056	0.18452
0.13037	0.33655	0.19044
0.13062	0.27222	0.19394
0.13086	0.1857	0.19468
0.1311	0.077032	0.18209
0.13135	-0.034497	0.17289
0.13159	-0.13157	0.16788
0.13184	-0.19722	0.16644
0.13208	-0.22135	0.16762
0.13232	-0.20142	0.16903
0.13257	-0.14565	0.16711
0.13281	-0.074383	0.15682
0.13306	0.017911	0.14162
0.1333	0.12325	0.12282
0.13354	0.2351	0.10135
0.13379	0.34809	0.078378
0.13403	0.45733	0.054339
0.13428	0.55114	0.032572
0.13452	0.61518	0.013366
0.13477	0.63674	-0.0032842
0.13501	0.6076	-0.018577
0.13525	0.52874	-0.033601
0.1355	0.41026	-0.050716
0.13574	0.26801	-0.070737
0.13599	0.11804	-0.093203
0.13623	-0.026519	-0.11761
0.13647	-0.15922	-0.14359
0.13672	-0.27729	-0.17045
0.13696	-0.37764	-0.19731
0.13721	-0.4502	-0.21307
0.13745	-0.48961	-0.23246
0.1377	-0.48376	-0.25359
0.13794	-0.4262	-0.27335
0.13818	-0.31879	-0.29069
0.13843	-0.17574	-0.30433
0.13867	-0.018215	-0.31408
0.13892	0.13274	-0.32481
0.13916	0.26248	-0.33855
0.1394	0.36606	-0.35554
0.13965	0.4434	-0.37382
0.13989	0.49696	-0.38964
0.14014	0.52542	-0.39838
0.14038	0.52513	-0.40054
0.14062	0.48957	-0.3964
0.14087	0.41496	-0.38868
0.14111	0.30642	-0.38029
0.14136	0.17745	-0.37386
0.1416	0.048808	-0.36785
0.14185	-0.059502	-0.36014
0.14209	-0.13363	-0.34766
0.14233	-0.16927	-0.3281
0.14258	-0.17197	-0.30047
0.14282	-0.14945	-0.26763
0.14307	-0.10931	-0.23356
0.14331	-0.052523	-0.20275
0.14355	0.023423	-0.17937
0.1438	0.11827	-0.15721
0.14404	0.22309	-0.13744
0.14429	0.32601	-0.11895
0.14453	0.40975	-0.10098
0.14478	0.45922	-0.081564
0.14502	0.4652	-0.058949
0.14526	0.42567	-0.031365
0.14551	0.34601	0.00070748
0.14575	0.2372	0.035493
0.146	0.11081	0.0691
0.14624	-0.024144	0.097686
0.14648	-0.16225	0.11917
0.14673	-0.29838	0.13327
0.14697	-0.42596	0.1422
0.14722	-0.53635	0.14911
0.14746	-0.6186	0.15753
0.14771	-0.6624	0.16873
0.14795	-0.66177	0.18279
0.14819	-0.61762	0.19788
0.14844	-0.53865	0.21189
0.14868	-0.43605	0.22265
0.14893	-0.32297	0.22935
0.14917	-0.21045	0.23167
0.14941	-0.10668	0.23085
0.14966	-0.017577	0.22878
0.1499	0.053122	0.21957
0.15015	0.10437	0.20707
0.15039	0.12852	0.19589
0.15063	0.11903	0.19052
0.15088	0.071445	0.19305
0.15112	-0.012983	0.20365
0.15137	-0.12439	0.219
0.15161	-0.24779	0.2346
0.15186	-0.36643	0.24487
0.1521	-0.46787	0.24532
0.15234	-0.54581	0.23367
0.15259	-0.59973	0.21054
0.15283	-0.63269	0.18021
0.15308	-0.64705	0.14896
0.15332	-0.64113	0.12372
0.15356	-0.61087	0.10985
0.15381	-0.55314	0.10988
0.15405	-0.46951	0.12205
0.1543	-0.36865	0.14069
0.15454	-0.26679	0.1577
0.15479	-0.18963	0.16434
0.15503	-0.13414	0.15498
0.15527	-0.10245	0.1281
0.15552	-0.093539	0.087313
0.15576	-0.10389	0.040604
0.15601	-0.12966	-0.0021174
0.15625	-0.1692	-0.031412
0.15649	-0.22263	-0.041488
0.15674	-0.28959	-0.031658
0.15698	-0.36653	-0.0064812
0.15723	-0.44625	0.024815
0.15747	-0.51907	0.051452
0.15771	-0.57417	0.063537
0.15796	-0.60441	0.05525
0.1582	-0.60757	0.026379
0.15845	-0.58743	-0.017495
0.15869	-0.55098	-0.066041
0.15894	-0.50476	-0.10734
0.15918	-0.45069	-0.14055
0.15942	-0.39038	-0.14645
0.15967	-0.32824	-0.12336
0.15991	-0.26733	-0.078553
0.16016	-0.21239	-0.0254
0.1604	-0.17013	0.020126
0.16064	-0.14445	0.042966
0.16089	-0.12963	0.037122
0.16113	-0.14051	0.0038883
0.16138	-0.17431	-0.046982
0.16162	-0.22182	-0.10055
0.16187	-0.27325	-0.14033
0.16211	-0.32131	-0.15399
0.16235	-0.3645	-0.13616
0.1626	-0.40315	-0.090346
0.16284	-0.43899	-0.028279
0.16309	-0.47166	0.033227
0.16333	-0.49577	0.077527
0.16357	-0.50481	0.091747
0.16382	-0.49379	0.071832
0.16406	-0.46202	0.023349
0.16431	-0.41645	-0.040006
0.16455	-0.36473	-0.099943
0.16479	-0.31569	-0.13868
0.16504	-0.27444	-0.14432
0.16528	-0.24373	-0.1047
0.16553	-0.22077	-0.040506
0.16577	-0.19982	0.029987
0.16602	-0.18016	0.086812
0.16626	-0.16544	0.11258
0.1665	-0.16249	0.098928
0.16675	-0.17599	0.049537
0.16699	-0.20895	-0.024671
0.16724	-0.25554	-0.10466
0.16748	-0.30727	-0.17023
0.16772	-0.35487	-0.20576
0.16797	-0.39315	-0.20398
0.16821	-0.42068	-0.16786
0.16846	-0.43936	-0.11084
0.1687	-0.45242	-0.052391
0.16895	-0.46259	-0.012366
0.16919	-0.46835	-0.0048399
0.16943	-0.466	-0.035361
0.16968	-0.45081	-0.097609
0.16992	-0.41974	-0.17689
0.17017	-0.3728	-0.25378
0.17041	-0.31579	-0.30921
0.17065	-0.25911	-0.33052
0.1709	-0.20928	-0.31457
0.17114	-0.17248	-0.2677
0.17139	-0.15043	-0.20416
0.17163	-0.13871	-0.14196
0.17188	-0.12473	-0.11237
0.17212	-0.11344	-0.11946
0.17236	-0.10851	-0.16041
0.17261	-0.11472	-0.22325
0.17285	-0.134	-0.28922
0.1731	-0.16012	-0.33766
0.17334	-0.18735	-0.35275
0.17358	-0.20851	-0.32777
0.17383	-0.21923	-0.26667
0.17407	-0.2181	-0.18441
0.17432	-0.21045	-0.10247
0.17456	-0.20151	-0.042089
0.1748	-0.19529	-0.018601
0.17505	-0.19125	-0.036543
0.17529	-0.185	-0.089141
0.17554	-0.17273	-0.15878
0.17578	-0.15079	-0.22254
0.17603	-0.12217	-0.25856
0.17627	-0.095537	-0.25253
0.17651	-0.077759	-0.20221
0.17676	-0.073224	-0.11802
0.177	-0.082564	-0.020573
0.17725	-0.099662	0.064566
0.17749	-0.11458	0.11434
0.17773	-0.12407	0.11499
0.17798	-0.13412	0.081064
0.17822	-0.14131	0.019499
0.17847	-0.14848	-0.050084
0.17871	-0.15903	-0.10602
0.17896	-0.17479	-0.13055
0.1792	-0.19524	-0.11521
0.17944	-0.21621	-0.063228
0.17969	-0.23102	0.011555
0.17993	-0.23812	0.088524
0.18018	-0.23567	0.14621
0.18042	-0.22203	0.16916
0.18066	-0.20149	0.152
0.18091	-0.17916	0.10126
0.18115	-0.15849	0.032861
0.1814	-0.14188	-0.031804
0.18164	-0.12615	-0.073162
0.18188	-0.10816	-0.078002
0.18213	-0.085679	-0.043339
0.18237	-0.058877	0.022713
0.18262	-0.033975	0.10332
0.18286	-0.035182	0.17782
0.18311	-0.045606	0.22451
0.18335	-0.062348	0.23123
0.18359	-0.085335	0.19737
0.18384	-0.11077	0.13332
0.18408	-0.13733	0.057323
0.18433	-0.1628	-0.0091589
0.18457	-0.18493	-0.048201
0.18481	-0.2014	-0.048743
0.18506	-0.2109	-0.010359
0.1853	-0.2128	0.056833
0.18555	-0.20822	0.1352
0.18579	-0.19803	0.20439
0.18604	-0.17577	0.2466
0.18628	-0.14455	0.25229
0.18652	-0.11002	0.22184
0.18677	-0.07653	0.16532
0.18701	-0.047981	0.099328
0.18726	-0.019172	0.040379
0.1875	-0.00292	0.0061999
0.18774	-0.00051134	0.005655
0.18799	-0.010947	0.037262
0.18823	-0.031899	0.090393
0.18848	-0.063317	0.1488
0.18872	-0.099913	0.19523
0.18896	-0.1196	0.21624
0.18921	-0.13984	0.20871
0.18945	-0.1603	0.17576
0.1897	-0.1769	0.12667
0.18994	-0.1856	0.07526
0.19019	-0.18295	0.035714
0.19043	-0.16788	0.018655
0.19067	-0.14311	0.028849
0.19092	-0.11147	0.062353
0.19116	-0.076802	0.10888
0.19141	-0.043115	0.15411
0.19165	-0.011858	0.18429
0.19189	0.013653	0.18962
0.19214	0.027383	0.16743
0.19238	0.028986	0.12274
0.19263	0.019735	0.066286
0.19287	0.002995	0.011721
0.19312	-0.015746	-0.028121
0.19336	-0.038454	-0.042591
0.1936	-0.051638	-0.031642
0.19385	-0.055675	-0.00039284
0.19409	-0.054032	0.041101
0.19434	-0.050975	0.080387
0.19458	-0.045838	0.10609
0.19482	-0.036459	0.11089
0.19507	-0.019524	0.093255
0.19531	0.0089024	0.057709
0.19556	0.046847	0.013276
0.1958	0.086951	-0.028617
0.19604	0.12059	-0.057982
0.19629	0.14127	-0.068884
0.19653	0.14597	-0.060486
0.19678	0.13615	-0.037958
0.19702	0.11784	-0.0094434
0.19727	0.09862	0.015022
0.19751	0.084086	0.027595
0.19775	0.075666	0.023881
0.198	0.072244	0.0048632
0.19824	0.068883	-0.02403
0.19849	0.063045	-0.05511
0.19873	0.054483	-0.079721
0.19897	0.049531	-0.091047
0.19922	0.054206	-0.086339
0.19946	0.071383	-0.06806
0.19971	0.10072	-0.042684
0.19995	0.13032	-0.017413
0.2002	0.15279	-0.00090543
0.20044	0.16296	0.00070513
0.20068	0.15913	-0.014435
0.20093	0.1452	-0.044121
0.20117	0.12886	-0.081935
0.20142	0.1139	-0.11924
0.20166	0.10407	-0.14753
0.2019	0.10057	-0.161
0.20215	0.10061	-0.15803
0.20239	0.1	-0.14126
0.20264	0.097345	-0.11752
0.20288	0.096189	-0.094375
0.20312	0.10081	-0.079073
0.20337	0.11481	-0.075798
0.20361	0.1384	-0.085515
0.20386	0.16869	-0.1054
0.2041	0.1991	-0.13041
0.20435	0.22343	-0.15332
0.20459	0.23651	-0.16735
0.20483	0.23934	-0.16831
0.20508	0.23249	-0.1558
0.20532	0.2207	-0.1326
0.20557	0.20681	-0.10386
0.20581	0.19394	-0.076833
0.20605	0.18914	-0.059176
0.2063	0.18947	-0.054428
0.20654	0.19138	-0.062583
0.20679	0.19173	-0.0804
0.20703	0.19128	-0.10058
0.20728	0.19218	-0.1161
0.20752	0.19834	-0.12145
0.20776	0.21158	-0.11452
0.20801	0.22986	-0.095717
0.20825	0.25108	-0.070615
0.2085	0.26962	-0.045442
0.20874	0.2798	-0.026215
0.20898	0.27866	-0.017544
0.20923	0.26669	-0.021415
0.20947	0.24746	-0.035957
0.20972	0.22766	-0.059134
0.20996	0.21215	-0.085838
0.21021	0.20321	-0.10928
0.21045	0.20151	-0.12454
0.21069	0.20346	-0.12876
0.21094	0.1975	-0.11569
0.21118	0.19405	-0.097095
0.21143	0.19506	-0.077783
0.21167	0.20166	-0.062349
0.21191	0.21381	-0.054458
0.21216	0.22932	-0.054966
0.2124	0.24531	-0.061445
0.21265	0.25807	-0.071299
0.21289	0.26595	-0.0787
0.21313	0.26588	-0.078845
0.21338	0.25799	-0.068056
0.21362	0.24469	-0.045905
0.21387	0.22723	-0.014009
0.21411	0.21191	0.02084
0.21436	0.19832	0.054559
0.2146	0.18679	0.082203
0.21484	0.17697	0.10074
0.21509	0.16748	0.10897
0.21533	0.15885	0.10696
0.21558	0.1553	0.098532
0.21582	0.15689	0.089629
0.21606	0.16226	0.084614
0.21631	0.16922	0.085591
0.21655	0.17523	0.093072
0.2168	0.1796	0.10527
0.21704	0.19037	0.11283
0.21729	0.19552	0.12027
0.21753	0.19365	0.12268
0.21777	0.18746	0.11596
0.21802	0.17925	0.099797
0.21826	0.17162	0.075144
0.21851	0.16646	0.04478
0.21875	0.16409	0.015188
0.21899	0.16356	-0.0090492
0.21924	0.16335	-0.0254
0.21948	0.16251	-0.033358
0.21973	0.16129	-0.034743
0.21997	0.16147	-0.03349
0.22021	0.16076	-0.031504
0.22046	0.15907	-0.031276
0.2207	0.15613	-0.033584
0.22095	0.15141	-0.037706
0.22119	0.14568	-0.041308
0.22144	0.14019	-0.040625
0.22168	0.13317	-0.034378
0.22192	0.12763	-0.021058
0.22217	0.12643	0.00032117
0.22241	0.13172	0.029311
0.22266	0.1438	0.064227
0.2229	0.16106	0.10143
0.22314	0.18011	0.13642
0.22339	0.19798	0.16534
0.22363	0.21156	0.1859
0.22388	0.21927	0.19771
0.22412	0.22024	0.20114
0.22437	0.21381	0.19941
0.22461	0.19932	0.196
0.22485	0.17748	0.194
0.2251	0.14998	0.19457
0.22534	0.12128	0.19808
0.22559	0.095426	0.20194
0.22583	0.07599	0.20318
0.22607	0.066714	0.1988
0.22632	0.069896	0.18697
0.22656	0.085152	0.16702
0.22681	0.10989	0.1404
0.22705	0.14133	0.10873
0.22729	0.17629	0.073557
0.22754	0.21121	0.036732
0.22778	0.24332	-0.0010427
0.22803	0.25785	-0.03711
0.22827	0.26049	-0.071494
0.22852	0.25005	-0.10475
0.22876	0.22701	-0.13795
0.229	0.19507	-0.17122
0.22925	0.15867	-0.20456
0.22949	0.123	-0.23667
0.22974	0.092364	-0.26553
0.22998	0.069862	-0.28842
0.23022	0.05854	-0.30262
0.23047	0.060311	-0.30636
0.23071	0.076307	-0.29793
0.23096	0.10657	-0.27799
0.2312	0.14987	-0.24838
0.23145	0.20185	-0.21306
0.23169	0.25691	-0.17575
0.23193	0.30817	-0.1406
0.23218	0.34793	-0.10974
0.23242	0.36988	-0.084579
0.23267	0.37038	-0.064967
0.23291	0.34947	-0.050178
0.23315	0.31038	-0.037798
0.2334	0.258	-0.024682
0.23364	0.19835	-0.008439
0.23389	0.13812	0.01259
0.23413	0.095499	0.036721
0.23438	0.068696	0.062319
0.23462	0.061914	0.087098
0.23486	0.076745	0.10873
0.23511	0.11196	0.12394
0.23535	0.16332	0.13036
0.2356	0.22443	0.12607
0.23584	0.28722	0.11001
0.23608	0.34286	0.082399
0.23633	0.38245	0.04509
0.23657	0.39961	0.00084272
0.23682	0.39187	-0.04836
0.23706	0.36112	-0.10049
0.2373	0.31305	-0.15381
0.23755	0.25555	-0.20836
0.23779	0.19661	-0.26199
0.23804	0.14365	-0.31208
0.23828	0.1025	-0.35538
0.23853	0.077328	-0.38746
0.23877	0.071392	-0.40464
0.23901	0.087155	-0.41129
0.23926	0.1217	-0.40372
0.2395	0.16998	-0.38317
0.23975	0.22614	-0.3529
0.23999	0.28396	-0.31761
0.24023	0.3365	-0.28178
0.24048	0.37636	-0.25036
0.24072	0.39771	-0.22496
0.24097	0.39706	-0.20696
0.24121	0.37398	-0.19493
0.24146	0.33081	-0.18594
0.2417	0.27252	-0.17624
0.24194	0.20613	-0.16142
0.24219	0.13901	-0.13789
0.24243	0.078992	-0.10276
0.24268	0.033587	-0.055754
0.24292	0.009006	0.0016072
0.24316	0.0093153	0.065576
0.24341	0.01551	0.12876
0.24365	0.05278	0.18818
0.2439	0.11605	0.23667
0.24414	0.19324	0.26926
0.24438	0.26738	0.28292
0.24463	0.3199	0.27722
0.24487	0.33976	0.25301
0.24512	0.32172	0.22033
0.24536	0.27263	0.17945
0.24561	0.20402	0.13435
0.24585	0.12835	0.088544
0.24609	0.056289	0.046289
0.24634	-0.0063009	0.011429
0.24658	-0.056094	-0.011996
0.24683	-0.090562	-0.023825
0.24707	-0.10643	-0.024108
0.24731	-0.10137	-0.014711
0.24756	-0.072763	0.00091576
0.2478	-0.023517	0.019664
0.24805	0.038327	0.037669
0.24829	0.10046	0.051252
0.24854	0.14971	0.056039
0.24878	0.17547	0.048828
0.24902	0.1742	0.028033
0.24927	0.14825	-0.0054551
0.24951	0.12592	-0.04764
0.24976	0.088861	-0.095951
0.25	0.041616	-0.14294
0.25024	-0.010552	-0.18008
0.25049	-0.065292	-0.20092
0.25073	-0.11457	-0.20187
0.25098	-0.15436	-0.18053
0.25122	-0.17818	-0.13838
0.25146	-0.18377	-0.079861
0.25171	-0.16636	-0.011389
0.25195	-0.12753	0.060615
0.2522	-0.075671	0.12818
0.25244	-0.023145	0.18474
0.25269	0.020531	0.22635
0.25293	0.047973	0.25252
0.25317	0.056605	0.26302
0.25342	0.046418	0.26245
0.25366	0.019388	0.25547
0.25391	-0.020827	0.24605
0.25415	-0.07082	0.238
0.25439	-0.12637	0.23483
0.25464	-0.1821	0.23733
0.25488	-0.22968	0.24934
0.25513	-0.26135	0.27037
0.25537	-0.26996	0.29661
0.25562	-0.25492	0.32467
0.25586	-0.21934	0.34993
0.2561	-0.16263	0.36889
0.25635	-0.1074	0.37508
0.25659	-0.065514	0.3652
0.25684	-0.044984	0.33699
0.25708	-0.045367	0.28948
0.25732	-0.060219	0.2241
0.25757	-0.07976	0.14506
0.25781	-0.10151	0.057773
0.25806	-0.12492	-0.030749
0.2583	-0.15125	-0.11247
0.25854	-0.17926	-0.18039
0.25879	-0.20811	-0.22987
0.25903	-0.23282	-0.25911
0.25928	-0.24684	-0.26711
0.25952	-0.24391	-0.25759
0.25977	-0.22425	-0.23481
0.26001	-0.19388	-0.20335
0.26025	-0.16245	-0.16761
0.2605	-0.1386	-0.1322
0.26074	-0.12679	-0.099653
0.26099	-0.12528	-0.075826
0.26123	-0.1269	-0.062395
0.26147	-0.12512	-0.058221
0.26172	-0.11788	-0.061065
0.26196	-0.11118	-0.067068
0.26221	-0.12302	-0.073799
0.26245	-0.15067	-0.076076
0.2627	-0.19111	-0.07096
0.26294	-0.23435	-0.056136
0.26318	-0.26583	-0.03113
0.26343	-0.27389	0.0026034
0.26367	-0.25387	0.042721
0.26392	-0.21186	0.085708
0.26416	-0.1615	0.12741
0.2644	-0.11905	0.16344
0.26465	-0.095398	0.1901
0.26489	-0.090824	0.20435
0.26514	-0.097021	0.2048
0.26538	-0.10496	0.19124
0.26562	-0.10888	0.16469
0.26587	-0.11065	0.12768
0.26611	-0.11745	0.08338
0.26636	-0.13713	0.035758
0.2666	-0.17176	-0.011197
0.26685	-0.21169	-0.054202
0.26709	-0.23705	-0.092412
0.26733	-0.23933	-0.1194
0.26758	-0.21567	-0.13461
0.26782	-0.17373	-0.14052
0.26807	-0.12973	-0.14031
0.26831	-0.1009	-0.13702
0.26855	-0.096837	-0.13384
0.2688	-0.11462	-0.13316
0.26904	-0.14104	-0.13706
0.26929	-0.15991	-0.14643
0.26953	-0.16146	-0.16091
0.26978	-0.14799	-0.18027
0.27002	-0.13087	-0.20258
0.27026	-0.12635	-0.22585
0.27051	-0.14439	-0.24686
0.27075	-0.183	-0.26309
0.271	-0.22849	-0.27169
0.27124	-0.26226	-0.27155
0.27148	-0.2753	-0.26163
0.27173	-0.25301	-0.24317
0.27197	-0.20822	-0.21802
0.27222	-0.16352	-0.18839
0.27246	-0.13911	-0.15628
0.27271	-0.14299	-0.12306
0.27295	-0.16743	-0.088928
0.27319	-0.19741	-0.053069
0.27344	-0.20891	-0.021646
0.27368	-0.19365	0.0035349
0.27393	-0.16175	0.021934
0.27417	-0.13711	0.03356
0.27441	-0.14309	0.038478
0.27466	-0.18945	0.038196
0.2749	-0.26437	0.034508
0.27515	-0.34005	0.029499
0.27539	-0.38471	0.02488
0.27563	-0.38086	0.021665
0.27588	-0.33415	0.021541
0.27612	-0.27113	0.024884
0.27637	-0.22527	0.030941
0.27661	-0.21998	0.038761
0.27686	-0.25614	0.046299
0.2771	-0.3126	0.051062
0.27734	-0.3586	0.052287
0.27759	-0.36619	0.048226
0.27783	-0.34557	0.03884
0.27808	-0.31499	0.024805
0.27832	-0.30104	0.0075225
0.27856	-0.32294	-0.01133
0.27881	-0.37981	-0.030155
0.27905	-0.45171	-0.047394
0.2793	-0.50925	-0.061353
0.27954	-0.52917	-0.071563
0.27979	-0.50827	-0.077729
0.28003	-0.46379	-0.079144
0.28027	-0.42535	-0.076371
0.28052	-0.41828	-0.069482
0.28076	-0.44973	-0.058915
0.28101	-0.50464	-0.04486
0.28125	-0.55313	-0.027771
0.28149	-0.56965	-0.0073949
0.28174	-0.54535	0.015248
0.28198	-0.49361	0.038197
0.28223	-0.44397	0.05861
0.28247	-0.42777	0.074664
0.28271	-0.45984	0.083132
0.28296	-0.53058	0.085439
0.2832	-0.6116	0.08278
0.28345	-0.67075	0.076458
0.28369	-0.68837	0.069203
0.28394	-0.66527	0.063125
0.28418	-0.6198	0.062116
0.28442	-0.58492	0.062793
0.28467	-0.58098	0.065039
0.28491	-0.60901	0.068514
0.28516	-0.6503	0.072515
0.2854	-0.67807	0.076365
0.28564	-0.67513	0.079997
0.28589	-0.6414	0.083699
0.28613	-0.59723	0.087472
0.28638	-0.5705	0.091994
0.28662	-0.5817	0.097327
0.28687	-0.63107	0.10296
0.28711	-0.69908	0.10786
0.28735	-0.75711	0.11069
0.2876	-0.78003	0.10967
0.28784	-0.76189	0.10421
0.28809	-0.716	0.094442
0.28833	-0.6701	0.082025
0.28857	-0.64818	0.069104
0.28882	-0.65852	0.059337
0.28906	-0.68938	0.052979
0.28931	-0.71667	0.05071
0.28955	-0.71855	0.05176
0.28979	-0.68731	0.054134
0.29004	-0.63616	0.055975
0.29028	-0.59323	0.053375
0.29053	-0.5784	0.049368
0.29077	-0.60061	0.043603
0.29102	-0.64757	0.036301
0.29126	-0.69325	0.028082
0.2915	-0.7148	0.019803
0.29175	-0.70105	0.012081
0.29199	-0.66094	0.0054032
0.29224	-0.61826	9.1704e-05
0.29248	-0.59743	-0.0036324
0.29272	-0.60994	-0.0055334
0.29297	-0.64626	-0.0054245
0.29321	-0.67993	-0.0033255
0.29346	-0.68396	0.0004691
0.2937	-0.64607	0.0054719
0.29395	-0.57484	0.011151
0.29419	-0.50084	0.016741
0.29443	-0.45753	0.021435
0.29468	-0.46478	0.024653
0.29492	-0.51784	0.025923
0.29517	-0.57564	0.025267
0.29541	-0.61892	0.023364
0.29565	-0.63005	0.019561
0.2959	-0.60858	0.01304
0.29614	-0.56912	0.0038206
0.29639	-0.53173	-0.0072465
0.29663	-0.51118	-0.018611
0.29688	-0.50925	-0.028719
0.29712	-0.5157	-0.036601
0.29736	-0.51738	-0.042127
0.29761	-0.5043	-0.045564
0.29785	-0.47776	-0.047587
0.2981	-0.44844	-0.048928
0.29834	-0.42689	-0.049885
0.29858	-0.41794	-0.050333
0.29883	-0.41599	-0.050007
0.29907	-0.40756	-0.04874
0.29932	-0.38332	-0.046542
0.29956	-0.34398	-0.045304
0.2998	-0.30732	-0.042384
0.30005	-0.28545	-0.038867
0.30029	-0.28737	-0.036255
0.30054	-0.31037	-0.035319
0.30078	-0.34079	-0.038228
0.30103	-0.35635	-0.043124
0.30127	-0.35393	-0.048456
0.30151	-0.31378	-0.053772
0.30176	-0.24263	-0.057697
0.302	-0.16298	-0.059736
0.30225	-0.10381	-0.059942
0.30249	-0.089617	-0.059458
0.30273	-0.12202	-0.059451
0.30298	-0.18347	-0.061021
0.30322	-0.24161	-0.064937
0.30347	-0.26553	-0.070414
0.30371	-0.24055	-0.075968
0.30396	-0.17578	-0.080432
0.3042	-0.097776	-0.082611
0.30444	-0.036015	-0.082443
0.30469	-0.010251	-0.080084
0.30493	-0.022644	-0.075319
0.30518	-0.061604	-0.069559
0.30542	-0.10547	-0.064163
0.30566	-0.1342	-0.058762
0.30591	-0.13455	-0.057068
0.30615	-0.11407	-0.058154
0.3064	-0.08346	-0.059622
0.30664	-0.051974	-0.059163
0.30688	-0.021172	-0.05298
0.30713	0.0099057	-0.042607
0.30737	0.040121	-0.030781
0.30762	0.061178	-0.020937
0.30786	0.065036	-0.015499
0.30811	0.045798	-0.015537
0.30835	0.0060758	-0.019793
0.30859	-0.034321	-0.026319
0.30884	-0.053027	-0.032121
0.30908	-0.028132	-0.034421
0.30933	0.044137	-0.032077
0.30957	0.14608	-0.0266
0.30981	0.24241	-0.021112
0.31006	0.298	-0.017805
0.3103	0.29235	-0.018724
0.31055	0.22803	-0.022884
0.31079	0.13513	-0.028131
0.31104	0.058138	-0.033296
0.31128	0.035745	-0.035887
0.31152	0.082799	-0.034649
0.31177	0.18301	-0.029959
0.31201	0.29992	-0.023216
0.31226	0.37863	-0.013097
0.3125	0.39356	-0.0048093
0.31274	0.34439	-0.00087426
0.31299	0.25758	-0.0020171
0.31323	0.17318	-0.0072932
0.31348	0.12535	-0.013344
0.31372	0.12934	-0.016403
0.31396	0.17667	-0.014417
0.31421	0.24387	-0.0065685
0.31445	0.3043	0.0049862
0.3147	0.33945	0.017092
0.31494	0.34743	0.026134
0.31519	0.33765	0.029034
0.31543	0.31879	0.025556
0.31567	0.29489	0.017807
0.31592	0.26645	0.009735
0.31616	0.23436	0.0048394
0.31641	0.20388	0.0062311
0.31665	0.18883	0.013977
0.31689	0.2039	0.025138
0.31714	0.25554	0.036264
0.31738	0.33362	0.043493
0.31763	0.40896	0.04404
0.31787	0.44704	0.038273
0.31812	0.4221	0.028996
0.31836	0.3459	0.016892
0.3186	0.24333	0.0093294
0.31885	0.1611	0.010119
0.31909	0.1419	0.01945
0.31934	0.20346	0.034808
