-0.2395	-0.0017147	-0.0087824
-0.23926	-0.17136	-0.27716
-0.23901	-0.11395	-0.31049
-0.23877	-0.10893	-0.34065
-0.23853	-0.07134	-0.36635
-0.23828	-0.059354	-0.38464
-0.23804	-0.056136	-0.39585
-0.23779	-0.026676	-0.39865
-0.23755	-0.012988	-0.39209
-0.2373	0.030291	-0.37576
-0.23706	0.010911	-0.34956
-0.23682	0.076405	-0.31376
-0.23657	0.047759	-0.26928
-0.23633	0.15584	-0.21562
-0.23608	0.1147	-0.15449
-0.23584	0.21155	-0.086061
-0.2356	0.15973	-0.0093853
-0.23535	0.25755	0.073871
-0.23511	0.21957	0.16124
-0.23486	0.31011	0.2777
-0.23462	0.27259	0.39771
-0.23438	0.36065	0.51821
-0.23413	0.345	0.63466
-0.23389	0.42561	0.74323
-0.23364	0.4206	0.84218
-0.2334	0.46643	0.92962
-0.23315	0.48013	0.97663
-0.23291	0.49251	1.0042
-0.23267	0.52815	1.0106
-0.23242	0.51754	0.99529
-0.23218	0.55918	0.95503
-0.23193	0.53335	0.88817
-0.23169	0.59304	0.79551
-0.23145	0.5511	0.67843
-0.2312	0.61239	0.53762
-0.23096	0.53822	0.37665
-0.23071	0.60038	0.19922
-0.23047	0.52682	0.011222
-0.23022	0.57708	-0.18363
-0.22998	0.49443	-0.38289
-0.22974	0.53731	-0.58233
-0.22949	0.46842	-0.77637
-0.22925	0.49333	-0.9614
-0.229	0.42434	-1.1338
-0.22876	0.43307	-1.2887
-0.22852	0.37484	-1.4206
-0.22827	0.35571	-1.5243
-0.22803	0.30413	-1.5985
-0.22778	0.2681	-1.6402
-0.22754	0.24137	-1.6466
-0.22729	0.18099	-1.6177
-0.22705	0.16617	-1.5552
-0.22681	0.099207	-1.4603
-0.22656	0.094324	-1.3336
-0.22632	0.0060593	-1.1771
-0.22607	0.014631	-0.99496
-0.22583	-0.071726	-0.79194
-0.22559	-0.060596	-0.57057
-0.22534	-0.1608	-0.33572
-0.2251	-0.14003	-0.09296
-0.22485	-0.21569	0.15128
-0.22461	-0.19988	0.39264
-0.22437	-0.28174	0.6258
-0.22412	-0.26676	0.84576
-0.22388	-0.31784	1.0461
-0.22363	-0.31428	1.2238
-0.22339	-0.3635	1.3754
-0.22314	-0.35985	1.4972
-0.2229	-0.37497	1.5867
-0.22266	-0.38837	1.6439
-0.22241	-0.39432	1.6695
-0.22217	-0.40597	1.6641
-0.22192	-0.38159	1.628
-0.22168	-0.41557	1.5635
-0.22144	-0.38537	1.475
-0.22119	-0.40767	1.3653
-0.22095	-0.35897	1.2381
-0.2207	-0.40498	1.0979
-0.22046	-0.35338	0.95161
-0.22021	-0.37968	0.80183
-0.21997	-0.31821	0.65543
-0.21973	-0.36472	0.5161
-0.21948	-0.31074	0.3885
-0.21924	-0.32519	0.27513
-0.21899	-0.27194	0.1769
-0.21875	-0.29968	0.095194
-0.21851	-0.25629	0.034341
-0.21826	-0.24702	-0.0072204
-0.21802	-0.21836	-0.029925
-0.21777	-0.21907	-0.035677
-0.21753	-0.19778	-0.026365
-0.21729	-0.16194	-0.0049795
-0.21704	-0.1636	0.023323
-0.2168	-0.14041	0.05389
-0.21655	-0.14365	0.082588
-0.21631	-0.089629	0.10516
-0.21606	-0.11758	0.1173
-0.21582	-0.078118	0.11489
-0.21558	-0.095862	0.095767
-0.21533	-0.038545	0.057296
-0.21509	-0.080593	-0.0032752
-0.21484	-0.038844	-0.088037
-0.2146	-0.052546	-0.19732
-0.21436	-0.0041969	-0.33022
-0.21411	-0.045318	-0.48419
-0.21387	-0.015856	-0.6569
-0.21362	-0.014615	-0.84418
-0.21338	0.014788	-1.0411
-0.21313	-0.012738	-1.2411
-0.21289	-0.0027228	-1.4384
-0.21265	0.018676	-1.6271
-0.2124	0.024252	-1.8008
-0.21216	0.015778	-1.9535
-0.21191	0.010175	-2.0792
-0.21167	0.049067	-2.1723
-0.21143	0.037208	-2.2287
-0.21118	0.042822	-2.246
-0.21094	0.028044	-2.2326
-0.21069	0.075724	-2.1748
-0.21045	0.059336	-2.0724
-0.21021	0.072976	-1.9262
-0.20996	0.057464	-1.7371
-0.20972	0.096301	-1.5081
-0.20947	0.079185	-1.2427
-0.20923	0.093741	-0.93469
-0.20898	0.08867	-0.60316
-0.20874	0.10968	-0.25397
-0.2085	0.096445	0.10553
-0.20825	0.11404	0.4657
-0.20801	0.1304	0.81884
-0.20776	0.14145	1.1586
-0.20752	0.13626	1.4795
-0.20728	0.15271	1.7749
-0.20703	0.18416	2.0389
-0.20679	0.17951	2.2662
-0.20654	0.16907	2.4556
-0.2063	0.17635	2.6018
-0.20605	0.20749	2.7007
-0.20581	0.18283	2.7508
-0.20557	0.15577	2.7521
-0.20532	0.15	2.7047
-0.20508	0.17588	2.609
-0.20483	0.14567	2.4659
-0.20459	0.10901	2.2802
-0.20435	0.097238	2.0555
-0.2041	0.12038	1.7947
-0.20386	0.10028	1.5022
-0.20361	0.070193	1.1831
-0.20337	0.062529	0.84321
-0.20312	0.078829	0.48752
-0.20288	0.066914	0.12107
-0.20264	0.04501	-0.25092
-0.20239	0.038554	-0.62353
-0.20215	0.043178	-0.99126
-0.2019	0.03332	-1.3506
-0.20166	0.016996	-1.6968
-0.20142	0.00881	-2.0236
-0.20117	0.0014256	-2.3272
-0.20093	-0.0078063	-2.6013
-0.20068	-0.013771	-2.8405
-0.20044	-0.019707	-3.0439
-0.2002	-0.043192	-3.2064
-0.19995	-0.061482	-3.3239
-0.19971	-0.06379	-3.3942
-0.19946	-0.070596	-3.415
-0.19922	-0.10828	-3.3862
-0.19897	-0.14017	-3.3078
-0.19873	-0.14675	-3.1783
-0.19849	-0.14952	-2.9993
-0.19824	-0.18363	-2.7747
-0.198	-0.21042	-2.5084
-0.19775	-0.20441	-2.2055
-0.19751	-0.18633	-1.8712
-0.19727	-0.19868	-1.5107
-0.19702	-0.20534	-1.1315
-0.19678	-0.18233	-0.73864
-0.19653	-0.14893	-0.34179
-0.19629	-0.14692	0.055086
-0.19604	-0.15368	0.44545
-0.1958	-0.1425	0.82187
-0.19556	-0.12447	1.1786
-0.19531	-0.135	1.509
-0.19507	-0.15864	1.8082
-0.19482	-0.17128	2.074
-0.19458	-0.17718	2.3018
-0.19434	-0.19337	2.4877
-0.19409	-0.21414	2.633
-0.19385	-0.22313	2.7349
-0.1936	-0.22207	2.7953
-0.19336	-0.21957	2.816
-0.19312	-0.21497	2.7984
-0.19287	-0.20266	2.7457
-0.19263	-0.18535	2.6612
-0.19238	-0.1663	2.546
-0.19214	-0.14586	2.405
-0.19189	-0.12535	2.2424
-0.19165	-0.10632	2.0604
-0.19141	-0.086926	1.8626
-0.19116	-0.064213	1.6511
-0.19092	-0.043434	1.4287
-0.19067	-0.02981	1.1991
-0.19043	-0.017625	0.96786
-0.19019	-0.00017151	0.7349
-0.18994	0.015779	0.5037
-0.1897	0.02152	0.27667
-0.18945	0.021951	0.057935
-0.18921	0.024961	-0.1501
-0.18896	0.027188	-0.3456
-0.18872	0.020462	-0.52987
-0.18848	0.0083041	-0.69988
-0.18823	-0.0011024	-0.85589
-0.18799	-0.0063169	-0.99776
-0.18774	-0.012264	-1.1261
-0.1875	-0.01647	-1.2403
-0.18726	-0.011948	-1.3411
-0.18701	0.059176	-1.4307
-0.18677	0.13133	-1.51
-0.18652	0.19936	-1.577
-0.18628	0.26511	-1.6346
-0.18604	0.32597	-1.6809
-0.18579	0.37236	-1.7148
-0.18555	0.39994	-1.7373
-0.1853	0.34982	-1.7469
-0.18506	0.27775	-1.7415
-0.18481	0.1881	-1.7217
-0.18457	0.082636	-1.6836
-0.18433	-0.034987	-1.6296
-0.18408	-0.1587	-1.5605
-0.18384	-0.2826	-1.4766
-0.18359	-0.39788	-1.3741
-0.18335	-0.49467	-1.2566
-0.18311	-0.5745	-1.126
-0.18286	-0.63425	-0.98399
-0.18262	-0.67096	-0.83024
-0.18237	-0.69011	-0.66536
-0.18213	-0.69596	-0.49012
-0.18188	-0.69143	-0.30888
-0.18164	-0.68229	-0.12459
-0.1814	-0.67187	0.062468
-0.18115	-0.6643	0.24977
-0.18091	-0.66181	0.43183
-0.18066	-0.65696	0.60548
-0.18042	-0.64773	0.76879
-0.18018	-0.63395	0.91757
-0.17993	-0.60859	1.0523
-0.17969	-0.57029	1.1709
-0.17944	-0.51787	1.2694
-0.1792	-0.44355	1.3504
-0.17896	-0.3496	1.4123
-0.17871	-0.24073	1.4514
-0.17847	-0.11345	1.4701
-0.17822	0.026711	1.4648
-0.17798	0.1775	1.4373
-0.17773	0.34083	1.3869
-0.17749	0.50746	1.3115
-0.17725	0.67254	1.2122
-0.177	0.83995	1.0915
-0.17676	1.0001	0.95087
-0.17651	1.1507	0.79205
-0.17627	1.2903	0.61316
-0.17603	1.4092	0.41914
-0.17578	1.5067	0.21125
-0.17554	1.5807	-0.0077796
-0.17529	1.6221	-0.23874
-0.17505	1.6357	-0.47676
-0.1748	1.6214	-0.71625
-0.17456	1.574	-0.95296
-0.17432	1.4988	-1.185
-0.17407	1.3977	-1.4088
-0.17383	1.2698	-1.619
-0.17358	1.1247	-1.8105
-0.17334	0.96389	-1.9825
-0.1731	0.78497	-2.1314
-0.17285	0.59999	-2.2543
-0.17261	0.4107	-2.3478
-0.17236	0.2152	-2.4344
-0.17212	0.027279	-2.492
-0.17188	-0.15374	-2.515
-0.17163	-0.32748	-2.5019
-0.17139	-0.48741	-2.4544
-0.17114	-0.63437	-2.3695
-0.1709	-0.76422	-2.2484
-0.17065	-0.87096	-2.0644
-0.17041	-0.96401	-1.8401
-0.17017	-1.0412	-1.5818
-0.16992	-1.0982	-1.2919
-0.16968	-1.1423	-0.97451
-0.16943	-1.1702	-0.63766
-0.16919	-1.1778	-0.28153
-0.16895	-1.1725	0.085862
-0.1687	-1.1512	0.45781
-0.16846	-1.1083	0.83018
-0.16821	-1.0501	1.196
-0.16797	-0.9658	1.5512
-0.16772	-0.85768	1.8914
-0.16748	-0.7338	2.2102
-0.16724	-0.58598	2.5014
-0.16699	-0.41704	2.7616
-0.16675	-0.23947	2.9874
-0.1665	-0.048396	3.1772
-0.16626	0.14391	3.3302
-0.16602	0.3326	3.4421
-0.16577	0.51759	3.512
-0.16553	0.68304	3.5415
-0.16528	0.83068	3.5327
-0.16504	0.97169	3.4857
-0.16479	1.0835	3.3963
-0.16455	1.1723	3.2691
-0.16431	1.2514	3.1058
-0.16406	1.3076	2.9111
-0.16382	1.3457	2.6895
-0.16357	1.3766	2.4397
-0.16333	1.3891	2.1658
-0.16309	1.46	1.8946
-0.16284	1.5308	1.6038
-0.1626	1.5847	1.3015
-0.16235	1.6384	0.98945
-0.16211	1.6847	0.6688
-0.16187	1.715	0.346
-0.16162	1.7447	0.021259
-0.16138	1.6964	-0.31987
-0.16113	1.6243	-0.65317
-0.16089	1.557	-0.97295
-0.16064	1.4748	-1.2766
-0.1604	1.3692	-1.5598
-0.16016	1.2652	-1.823
-0.15991	1.1409	-2.0585
-0.15967	0.9891	-2.2641
-0.15942	0.82989	-2.4361
-0.15918	0.65816	-2.5778
-0.15894	0.45965	-2.6893
-0.15869	0.24596	-2.7698
-0.15845	0.011876	-2.8174
-0.1582	-0.21514	-2.8361
-0.15796	-0.44424	-2.8255
-0.15771	-0.71123	-2.7868
-0.15747	-0.97129	-2.7163
-0.15723	-1.2066	-2.6178
-0.15698	-1.4609	-2.4919
-0.15674	-1.7207	-2.3398
-0.15649	-1.9408	-2.158
-0.15625	-2.1452	-1.9535
-0.15601	-2.3413	-1.7275
-0.15576	-2.5065	-1.4863
-0.15552	-2.6085	-1.2275
-0.15527	-2.653	-0.95601
-0.15503	-2.6951	-0.67029
-0.15479	-2.6775	-0.37968
-0.15454	-2.5617	-0.084901
-0.1543	-2.4153	0.21008
-0.15405	-2.2673	0.50466
-0.15381	-2.0233	0.78958
-0.15356	-1.7166	1.0649
-0.15332	-1.4052	1.3198
-0.15308	-1.0575	1.556
-0.15283	-0.62788	1.7684
-0.15259	-0.14115	1.9578
-0.15234	0.32825	2.113
-0.1521	0.82337	2.2383
-0.15186	1.4002	2.329
-0.15161	1.9716	2.3866
-0.15137	2.4623	2.4064
-0.15112	2.9703	2.3892
-0.15088	3.5037	2.3315
-0.15063	3.928	2.2377
-0.15039	4.2813	2.107
-0.15015	4.6181	1.9396
-0.1499	4.9278	1.7374
-0.14966	5.0957	1.5044
-0.14941	5.2023	1.247
-0.14917	5.312	0.96534
-0.14893	5.3522	0.66933
-0.14868	5.2344	0.35609
-0.14844	5.0738	0.046989
-0.14819	4.9419	-0.26972
-0.14795	4.6642	-0.58553
-0.14771	4.2689	-0.90453
-0.14746	3.8557	-1.2105
-0.14722	3.4386	-1.5121
-0.14697	2.8701	-1.7877
-0.14673	2.2516	-2.06
-0.14648	1.6757	-2.2976
-0.14624	1.072	-2.5079
-0.146	0.36954	-2.6735
-0.14575	-0.33577	-2.8032
-0.14551	-0.90359	-2.8803
-0.14526	-1.5549	-2.9206
-0.14502	-2.248	-2.9051
-0.14478	-2.8756	-2.8497
-0.14453	-3.3795	-2.7385
-0.14429	-3.9574	-2.5883
-0.14404	-4.5152	-2.3887
-0.1438	-4.9119	-2.1532
-0.14355	-5.2377	-1.876
-0.14331	-5.5625	-1.574
-0.14307	-5.8154	-1.2405
-0.14282	-5.8121	-0.89126
-0.14258	-5.7986	-0.52237
-0.14233	-5.765	-0.1487
-0.14209	-5.5857	0.2297
-0.14185	-5.1982	0.60035
-0.1416	-4.8247	0.96505
-0.14136	-4.4559	1.3143
-0.14111	-3.8775	1.6423
-0.14087	-3.226	1.9474
-0.14062	-2.5642	2.2214
-0.14038	-1.9209	2.4643
-0.14014	-1.058	2.6747
-0.13989	-0.21981	2.8509
-0.13965	0.55853	2.9866
-0.1394	1.3825	3.0878
-0.13916	2.3568	3.1583
-0.13892	3.264	3.1987
-0.13867	4.0009	3.196
-0.13843	4.8616	3.1652
-0.13818	5.6526	3.098
-0.13794	6.3601	3.0065
-0.1377	6.8796	2.8845
-0.13745	7.4289	2.7315
-0.13721	7.8463	2.5492
-0.13696	8.0811	2.3577
-0.13672	8.2413	2.1407
-0.13647	8.3631	1.9171
-0.13623	8.373	1.6733
-0.13599	8.1002	1.4276
-0.13574	7.8918	1.1695
-0.1355	7.5562	0.91417
-0.13525	7.1138	0.65172
-0.13501	6.4519	0.39697
-0.13477	5.8507	0.13902
-0.13452	5.1783	-0.10421
-0.13428	4.3385	-0.34737
-0.13403	3.4973	-0.5765
-0.13379	2.6587	-0.80036
-0.13354	1.8428	-1.0043
-0.1333	0.83522	-1.1971
-0.13306	-0.0042865	-1.3649
-0.13281	-0.82396	-1.5175
-0.13257	-1.6373	-1.6439
-0.13232	-2.5068	-1.7505
-0.13208	-3.2196	-1.8253
-0.13184	-3.8221	-1.8796
-0.13159	-4.4938	-1.8994
-0.13135	-5.0229	-1.8977
-0.1311	-5.4727	-1.8648
-0.13086	-5.7679	-1.8087
-0.13062	-6.1528	-1.7223
-0.13037	-6.3336	-1.6174
-0.13013	-6.4032	-1.487
-0.12988	-6.4472	-1.3441
-0.12964	-6.4817	-1.1829
-0.12939	-6.3878	-1.0163
-0.12915	-6.1278	-0.83779
-0.12891	-5.9801	-0.65865
-0.12866	-5.7016	-0.47504
-0.12842	-5.3801	-0.29789
-0.12817	-4.9442	-0.12326
-0.12793	-4.6225	0.041116
-0.12769	-4.2024	0.20458
-0.12744	-3.7081	0.35736
-0.1272	-3.2699	0.50435
-0.12695	-2.8532	0.64159
-0.12671	-2.432	0.77188
-0.12646	-1.8731	0.89029
-0.12622	-1.485	0.99923
-0.12598	-1.0476	1.0947
-0.12573	-0.601	1.1782
-0.12549	-0.099326	1.2458
-0.12524	0.28078	1.2935
-0.125	0.67276	1.3215
-0.12476	1.1284	1.3278
-0.12451	1.4212	1.3145
-0.12427	1.6836	1.2754
-0.12402	1.8774	1.2105
-0.12378	2.1545	1.1158
-0.12354	2.2414	0.9958
-0.12329	2.2891	0.84587
-0.12305	2.3155	0.67062
-0.1228	2.3718	0.46623
-0.12256	2.2938	0.2416
-0.12231	2.1428	-0.0040087
-0.12207	2.0434	-0.25886
-0.12183	1.8026	-0.52323
-0.12158	1.5326	-0.78373
-0.12134	1.1832	-1.041
-0.12109	0.88291	-1.2797
-0.12085	0.46033	-1.5012
-0.12061	0.017153	-1.6919
-0.12036	-0.41583	-1.8528
-0.12012	-0.83863	-1.9722
-0.11987	-1.281	-2.0546
-0.11963	-1.7498	-2.0897
-0.11938	-2.0721	-2.0864
-0.11914	-2.4119	-2.0349
-0.1189	-2.6956	-1.9457
-0.11865	-2.9182	-1.8133
-0.11841	-2.9941	-1.6487
-0.11816	-3.0591	-1.4473
-0.11792	-3.0521	-1.2229
-0.11768	-2.9207	-0.97056
-0.11743	-2.743	-0.70673
-0.11719	-2.4925	-0.42418
-0.11694	-2.2155	-0.14032
-0.1167	-1.8285	0.15267
-0.11646	-1.4273	0.43857
-0.11621	-0.98345	0.7271
-0.11597	-0.5328	1.0016
-0.11572	-0.012596	1.2735
-0.11548	0.50761	1.525
-0.11523	0.97766	1.7665
-0.11499	1.4936	1.9887
-0.11475	1.9756	2.2098
-0.1145	2.4185	2.4087
-0.11426	2.8152	2.6018
-0.11401	3.2147	2.7673
-0.11377	3.5059	2.9233
-0.11353	3.766	3.0491
-0.11328	3.9832	3.1497
-0.11304	4.1115	3.1985
-0.11279	4.1881	3.213
-0.11255	4.1892	3.1677
-0.1123	4.1348	3.0832
-0.11206	4.0126	2.9348
-0.11182	3.8491	2.7435
-0.11157	3.5855	2.4908
-0.11133	3.3116	2.1989
-0.11108	2.9765	1.8522
-0.11084	2.5615	1.4777
-0.1106	2.1392	1.0603
-0.11035	1.6828	0.62606
-0.11011	1.1531	0.16295
-0.10986	0.60924	-0.30199
-0.10962	0.087685	-0.77946
-0.10938	-0.50494	-1.2419
-0.10913	-1.0729	-1.7027
-0.10889	-1.6156	-2.137
-0.10864	-2.1706	-2.5565
-0.1084	-2.6973	-2.9379
-0.10815	-3.1696	-3.2935
-0.10791	-3.6219	-3.5996
-0.10767	-4.0247	-3.8725
-0.10742	-4.3635	-4.0897
-0.10718	-4.6788	-4.2651
-0.10693	-4.8982	-4.3765
-0.10669	-5.0577	-4.4361
-0.10645	-5.1884	-4.4263
-0.1062	-5.2196	-4.3599
-0.10596	-5.1597	-4.2183
-0.10571	-5.0781	-4.0148
-0.10547	-4.9106	-3.7331
-0.10522	-4.6346	-3.3896
-0.10498	-4.3414	-2.9731
-0.10474	-3.9818	-2.5029
-0.10449	-3.5459	-1.9745
-0.10425	-3.0915	-1.4098
-0.104	-2.6004	-0.80941
-0.10376	-2.0635	-0.19752
-0.10352	-1.5452	0.42321
-0.10327	-1.0099	1.026
-0.10303	-0.447	1.6103
-0.10278	0.07414	2.1506
-0.10254	0.59544	2.6473
-0.10229	1.1224	3.0786
-0.10205	1.6044	3.4468
-0.10181	2.0599	3.7357
-0.10156	2.5034	3.9517
-0.10132	2.8733	4.0847
-0.10107	3.1975	4.1454
-0.10083	3.485	4.1257
-0.10059	3.612	4.0226
-0.10034	3.6654	3.8523
-0.1001	3.6637	3.6315
-0.099854	3.5616	3.3585
-0.099609	3.3901	3.0494
-0.099365	3.1858	2.7011
-0.099121	2.8951	2.3331
-0.098877	2.6118	1.96
-0.098633	2.3281	1.575
-0.098389	2.0039	1.1745
-0.098145	1.6402	0.77168
-0.0979	1.2906	0.36093
-0.097656	0.93308	-0.042571
-0.097412	0.56466	-0.44508
-0.097168	0.22182	-0.83192
-0.096924	-0.11117	-1.2045
-0.09668	-0.42379	-1.548
-0.096436	-0.68909	-1.863
-0.096191	-0.93719	-2.1331
-0.095947	-1.1446	-2.3594
-0.095703	-1.2764	-2.5291
-0.095459	-1.3859	-2.6441
-0.095215	-1.4594	-2.6938
-0.094971	-1.4439	-2.6829
-0.094727	-1.401	-2.6059
-0.094482	-1.3481	-2.4699
-0.094238	-1.2283	-2.2737
-0.093994	-1.0807	-2.0259
-0.09375	-0.94199	-1.7288
-0.093506	-0.77665	-1.3954
-0.093262	-0.59097	-1.0302
-0.093018	-0.41549	-0.64623
-0.092773	-0.23953	-0.25047
-0.092529	-0.065828	0.14442
-0.092285	0.11038	0.53172
-0.092041	0.27971	0.90074
-0.091797	0.4218	1.2471
-0.091553	0.55963	1.5627
-0.091309	0.70642	1.8705
-0.091064	0.81062	2.1427
-0.09082	0.88464	2.3781
-0.090576	0.97044	2.574
-0.090332	1.0199	2.7299
-0.090088	1.0177	2.841
-0.089844	1.0166	2.9063
-0.0896	0.99783	2.8982
-0.089355	0.92878	2.8416
-0.089111	0.84477	2.7351
-0.088867	0.76281	2.579
-0.088623	0.65635	2.3739
-0.088379	0.5304	2.1235
-0.088135	0.40936	1.831
-0.087891	0.30001	1.5017
-0.087646	0.18314	1.1371
-0.087402	0.062031	0.74462
-0.087158	-0.03666	0.33047
-0.086914	-0.11672	-0.098065
-0.08667	-0.20685	-0.53218
-0.086426	-0.28418	-0.96347
-0.086182	-0.32282	-1.384
-0.085938	-0.36218	-1.7854
-0.085693	-0.40411	-2.1592
-0.085449	-0.40811	-2.4992
-0.085205	-0.3909	-2.7962
-0.084961	-0.38705	-3.0466
-0.084717	-0.36492	-3.2452
-0.084473	-0.31166	-3.3887
-0.084229	-0.26525	-3.4745
-0.083984	-0.23376	-3.5025
-0.08374	-0.18312	-3.471
-0.083496	-0.12432	-3.3816
-0.083252	-0.088287	-3.2353
-0.083008	-0.06787	-3.0326
-0.082764	-0.035512	-2.7765
-0.08252	-0.015603	-2.4717
-0.082275	-0.027555	-2.1219
-0.082031	-0.047291	-1.7315
-0.081787	-0.055451	-1.3085
-0.081543	-0.088151	-0.85719
-0.081299	-0.13974	-0.38825
-0.081055	-0.18143	0.087579
-0.080811	-0.21545	0.56499
-0.080566	-0.26977	1.0327
-0.080322	-0.31661	1.4803
-0.080078	-0.34541	1.901
-0.079834	-0.37346	2.2835
-0.07959	-0.40283	2.6178
-0.079346	-0.40983	2.899
-0.079102	-0.40198	3.1158
-0.078857	-0.38914	3.2659
-0.078613	-0.36482	3.3456
-0.078369	-0.31259	3.3495
-0.078125	-0.25219	3.2748
-0.077881	-0.19599	3.1278
-0.077637	-0.12583	2.9061
-0.077393	-0.037148	2.6171
-0.077148	0.039193	2.2642
-0.076904	0.10199	1.8505
-0.07666	0.14049	1.3691
-0.076416	0.17157	0.84611
-0.076172	0.16779	0.28763
-0.075928	0.14844	-0.29477
-0.075684	0.1403	-0.89083
-0.075439	0.10663	-1.4937
-0.075195	0.04342	-2.0871
-0.074951	0.020444	-2.6449
-0.074707	0.013802	-3.1725
-0.074463	-0.01876	-3.6569
-0.074219	-0.050364	-4.0883
-0.073975	-0.064513	-4.4598
-0.07373	-0.071697	-4.756
-0.073486	-0.097014	-4.9727
-0.073242	-0.10838	-5.104
-0.072998	-0.10604	-5.1406
-0.072754	-0.10228	-5.0851
-0.07251	-0.11285	-4.9357
-0.072266	-0.10178	-4.6926
-0.072021	-0.082276	-4.3632
-0.071777	-0.0677	-3.9574
-0.071533	-0.059576	-3.4803
-0.071289	-0.030841	-2.9514
-0.071045	-0.0078914	-2.3782
-0.070801	0.0010562	-1.7748
-0.070557	0.012454	-1.1568
-0.070312	0.031271	-0.53567
-0.070068	0.029795	0.075163
-0.069824	0.021913	0.65966
-0.06958	0.023411	1.2109
-0.069336	0.01925	1.7168
-0.069092	0.0036573	2.1659
-0.068848	-0.0047514	2.5552
-0.068604	-0.005611	2.8735
-0.068359	-0.020921	3.1176
-0.068115	-0.032138	3.2864
-0.067871	-0.036029	3.376
-0.067627	-0.040537	3.3834
-0.067383	-0.062972	3.3401
-0.067139	-0.07034	3.2225
-0.066895	-0.07447	3.035
-0.06665	-0.080705	2.7859
-0.066406	-0.095467	2.4761
-0.066162	-0.094186	2.1149
-0.065918	-0.097166	1.7116
-0.065674	-0.095633	1.2503
-0.06543	-0.10262	0.76084
-0.065186	-0.093445	0.25935
-0.064941	-0.093917	-0.24919
-0.064697	-0.093515	-0.74863
-0.064453	-0.092716	-1.2271
-0.064209	-0.082378	-1.6762
-0.063965	-0.085725	-2.0851
-0.063721	-0.088938	-2.4422
-0.063477	-0.091922	-2.7459
-0.063232	-0.09412	-2.9864
-0.062988	-0.11028	-3.1605
-0.062744	-0.12108	-3.2683
-0.0625	-0.13025	-3.3037
-0.062256	-0.13892	-3.272
-0.062012	-0.14614	-3.1761
-0.061768	-0.15114	-3.0148
-0.061523	-0.15483	-2.7932
-0.061279	-0.16125	-2.5181
-0.061035	-0.16719	-2.1907
-0.060791	-0.17328	-1.8223
-0.060547	-0.17567	-1.4172
-0.060303	-0.18015	-0.97951
-0.060059	-0.17879	-0.52162
-0.059814	-0.17758	-0.046846
-0.05957	-0.16504	0.43673
-0.059326	-0.157	0.91536
-0.059082	-0.14241	1.382
-0.058838	-0.13545	1.8332
-0.058594	-0.12125	2.2539
-0.05835	-0.11183	2.6389
-0.058105	-0.092247	2.9748
-0.057861	-0.074276	3.2541
-0.057617	-0.043838	3.474
-0.057373	-0.017918	3.6277
-0.057129	0.015968	3.708
-0.056885	0.043133	3.7138
-0.056641	0.07159	3.6446
-0.056396	0.085908	3.5003
-0.056152	0.097691	3.2887
-0.055908	0.09691	3.0087
-0.055664	0.096447	2.6726
-0.05542	0.089975	2.2856
-0.055176	0.084163	1.8591
-0.054932	0.07175	1.402
-0.054688	0.0541	0.93165
-0.054443	0.032889	0.45536
-0.054199	0.0085989	-0.0098106
-0.053955	-0.020388	-0.45558
-0.053711	-0.055385	-0.87031
-0.053467	-0.092913	-1.2418
-0.053223	-0.12996	-1.5625
-0.052979	-0.1607	-1.8255
-0.052734	-0.18929	-2.0192
-0.05249	-0.20789	-2.149
-0.052246	-0.23412	-2.2157
-0.052002	-0.25296	-2.2143
-0.051758	-0.27655	-2.1483
-0.051514	-0.2838	-2.0181
-0.05127	-0.29075	-1.8277
-0.051025	-0.29259	-1.5878
-0.050781	-0.29008	-1.2967
-0.050537	-0.26878	-0.95745
-0.050293	-0.2414	-0.58052
-0.050049	-0.1942	-0.178
-0.049805	-0.15379	0.24511
-0.049561	-0.099978	0.67181
-0.049316	-0.052287	1.0956
-0.049072	0.0036596	1.5039
-0.048828	0.060092	1.8851
-0.048584	0.11549	2.2252
-0.04834	0.17028	2.5199
-0.048096	0.2257	2.7547
-0.047852	0.27898	2.9297
-0.047607	0.34027	3.0356
-0.047363	0.39207	3.0697
-0.047119	0.44079	3.033
-0.046875	0.47503	2.9284
-0.046631	0.49499	2.7575
-0.046387	0.51238	2.5257
-0.046143	0.51427	2.2372
-0.045898	0.51629	1.8979
-0.045654	0.5027	1.5197
-0.04541	0.47843	1.1031
-0.045166	0.44452	0.65896
-0.044922	0.39846	0.19494
-0.044678	0.34026	-0.27967
-0.044434	0.27195	-0.7579
-0.044189	0.18732	-1.2276
-0.043945	0.11477	-1.6817
-0.043701	0.037845	-2.1064
-0.043457	-0.017406	-2.5041
-0.043213	-0.079099	-2.8664
-0.042969	-0.13842	-3.1808
-0.042725	-0.19308	-3.44
-0.04248	-0.24451	-3.6383
-0.042236	-0.28626	-3.7692
-0.041992	-0.31489	-3.8272
-0.041748	-0.34798	-3.7992
-0.041504	-0.37106	-3.684
-0.04126	-0.40062	-3.4855
-0.041016	-0.41358	-3.2055
-0.040771	-0.41881	-2.8487
-0.040527	-0.41928	-2.4224
-0.040283	-0.41205	-1.9388
-0.040039	-0.39508	-1.4099
-0.039795	-0.34692	-0.84801
-0.039551	-0.27299	-0.26811
-0.039307	-0.19066	0.31631
-0.039062	-0.094364	0.8882
-0.038818	0.0073826	1.4337
-0.038574	0.13811	1.9393
-0.03833	0.29522	2.3906
-0.038086	0.46772	2.7746
-0.037842	0.65809	3.0818
-0.037598	0.84912	3.3006
-0.037354	1.0478	3.424
-0.037109	1.2474	3.445
-0.036865	1.4345	3.3584
-0.036621	1.6054	3.1674
-0.036377	1.755	2.8735
-0.036133	1.8786	2.4797
-0.035889	1.9757	1.9952
-0.035645	2.0266	1.4339
-0.0354	2.035	0.81067
-0.035156	1.9852	0.14607
-0.034912	1.8878	-0.54146
-0.034668	1.739	-1.2292
-0.034424	1.5504	-1.8953
-0.03418	1.3211	-2.5148
-0.033936	1.0599	-3.0687
-0.033691	0.7651	-3.5403
-0.033447	0.44824	-3.9137
-0.033203	0.11174	-4.1783
-0.032959	-0.21999	-4.3276
-0.032715	-0.55035	-4.3577
-0.032471	-0.85673	-4.2741
-0.032227	-1.1396	-4.0801
-0.031982	-1.3908	-3.7848
-0.031738	-1.5963	-3.4015
-0.031494	-1.7516	-2.9448
-0.03125	-1.8597	-2.4287
-0.031006	-1.9065	-1.867
-0.030762	-1.8944	-1.2729
-0.030518	-1.809	-0.66388
-0.030273	-1.6495	-0.051838
-0.030029	-1.4247	0.55141
-0.029785	-1.1404	1.1351
-0.029541	-0.81698	1.686
-0.029297	-0.45071	2.1933
-0.029053	-0.044284	2.6449
-0.028809	0.39641	3.0049
-0.028564	0.85185	3.2851
-0.02832	1.2986	3.4784
-0.028076	1.7233	3.5787
-0.027832	2.1349	3.5845
-0.027588	2.5183	3.4946
-0.027344	2.8554	3.3106
-0.0271	3.1172	3.0673
-0.026855	3.3103	2.7509
-0.026611	3.4382	2.3696
-0.026367	3.5	1.9351
-0.026123	3.475	1.4594
-0.025879	3.3475	0.95463
-0.025635	3.1254	0.435
-0.025391	2.8269	-0.086658
-0.025146	2.455	-0.59903
-0.024902	2.0124	-1.0883
-0.024658	1.5041	-1.5423
-0.024414	0.9541	-1.9513
-0.02417	0.36865	-2.3039
-0.023926	-0.23289	-2.5877
-0.023682	-0.82916	-2.7947
-0.023438	-1.3969	-2.9159
-0.023193	-1.9248	-2.9481
-0.022949	-2.4041	-2.8897
-0.022705	-2.809	-2.7414
-0.022461	-3.0967	-2.5061
-0.022217	-3.2627	-2.1936
-0.021973	-3.324	-1.8132
-0.021729	-3.2897	-1.3767
-0.021484	-3.1228	-0.89665
-0.02124	-2.8053	-0.38528
-0.020996	-2.3675	0.14418
-0.020752	-1.8517	0.67883
-0.020508	-1.264	1.206
-0.020264	-0.5943	1.7118
-0.02002	0.13292	2.1802
-0.019775	0.86368	2.5966
-0.019531	1.5753	2.9481
-0.019287	2.2584	3.2272
-0.019043	2.9032	3.4176
-0.018799	3.4477	3.5075
-0.018555	3.8505	3.4877
-0.018311	4.1261	3.3528
-0.018066	4.2866	3.1022
-0.017822	4.2998	2.7371
-0.017578	4.1322	2.259
-0.017334	3.7851	1.6859
-0.01709	3.3013	1.0368
-0.016846	2.7041	0.33556
-0.016602	1.9804	-0.38962
-0.016357	1.12	-1.1096
-0.016113	0.16962	-1.7931
-0.015869	-0.8033	-2.4111
-0.015625	-1.756	-2.9398
-0.015381	-2.6542	-3.3581
-0.015137	-3.4606	-3.6477
-0.014893	-4.138	-3.7932
-0.014648	-4.6486	-3.7824
-0.014404	-4.9741	-3.6129
-0.01416	-5.0894	-3.2843
-0.013916	-4.9971	-2.8035
-0.013672	-4.7295	-2.1844
-0.013428	-4.3051	-1.4483
-0.013184	-3.7216	-0.62579
-0.012939	-2.9749	0.24547
-0.012695	-2.1095	1.1248
-0.012451	-1.2025	1.97
-0.012207	-0.28101	2.7397
-0.011963	0.68129	3.3959
-0.011719	1.6549	3.9045
-0.011475	2.5578	4.2424
-0.01123	3.3145	4.3948
-0.010986	3.9136	4.3564
-0.010742	4.3762	4.1289
-0.010498	4.6569	3.722
-0.010254	4.6925	3.1559
-0.01001	4.4865	2.4575
-0.0097656	4.1015	1.6583
-0.0095215	3.5942	0.7939
-0.0092773	2.9629	-0.097274
-0.0090332	2.205	-0.974
-0.0087891	1.3971	-1.7942
-0.0085449	0.60175	-2.521
-0.0083008	-0.16691	-3.1193
-0.0080566	-0.93587	-3.5648
-0.0078125	-1.7249	-3.8387
-0.0075684	-2.4624	-3.9289
-0.0073242	-3.0926	-3.832
-0.0070801	-3.6107	-3.5511
-0.0068359	-4.012	-3.0975
-0.0065918	-4.2706	-2.49
-0.0063477	-4.3198	-1.7479
-0.0061035	-4.1041	-0.89701
-0.0058594	-3.6729	0.02958
-0.0056152	-3.0948	0.99238
-0.0053711	-2.4373	1.9426
-0.005127	-1.7444	2.8317
-0.0048828	-1.0167	3.5883
-0.0046387	-0.33267	4.1861
-0.0043945	0.22523	4.5847
-0.0041504	0.65472	4.7558
-0.0039062	0.99809	4.6844
-0.0036621	1.3403	4.3725
-0.003418	1.69	3.8349
-0.0031738	1.9513	3.1226
-0.0029297	2.124	2.252
-0.0026855	2.2323	1.2697
-0.0024414	2.2797	0.22973
-0.0021973	2.2166	-0.81142
-0.0019531	1.9256	-1.7954
-0.001709	1.4184	-2.6659
-0.0014648	0.83917	-3.3715
-0.0012207	0.27637	-3.8646
-0.00097656	-0.22246	-4.1108
-0.00073242	-0.66673	-4.0903
-0.00048828	-1.0188	-3.8001
-0.00024414	-1.1687	-3.2576
0	-1.1279	-2.4989
0.00024414	-1.013	-1.5755
0.00048828	-0.92729	-0.55287
0.00073242	-0.94137	0.49786
0.00097656	-1.01	1.5039
0.0012207	-1.1023	2.3993
0.0014648	-1.2336	3.1301
0.001709	-1.3473	3.6576
0.0019531	-1.3903	3.9554
0.0021973	-1.2721	4.0109
0.0024414	-0.94242	3.8269
0.0026855	-0.48901	3.4193
0.0029297	-0.0048308	2.8174
0.0031738	0.42639	2.0643
0.003418	0.73145	1.2117
0.0036621	0.90098	0.32033
0.0039062	0.85535	-0.54052
0.0041504	0.60256	-1.306
0.0043945	0.25499	-1.9201
0.0046387	-0.052977	-2.3369
0.0048828	-0.20874	-2.5345
0.005127	-0.19472	-2.5105
0.0053711	-0.037261	-2.2791
0.0056152	0.29214	-1.8731
0.0058594	0.71449	-1.3362
0.0061035	1.0972	-0.71505
0.0063477	1.2977	-0.060864
0.0065918	1.22	0.58381
0.0068359	0.92397	1.1828
0.0070801	0.49938	1.702
0.0073242	-0.0020628	2.1088
0.0075684	-0.45786	2.3749
0.0078125	-0.76738	2.4774
0.0080566	-0.82242	2.4019
0.0083008	-0.57659	2.1432
0.0085449	-0.15716	1.7109
0.0087891	0.29353	1.1338
0.0090332	0.63747	0.46406
0.0092773	0.77032	-0.22982
0.0095215	0.69551	-0.87467
0.0097656	0.37384	-1.4042
0.01001	-0.153	-1.7681
0.010254	-0.73596	-1.938
0.010498	-1.2145	-1.9125
0.010742	-1.4039	-1.7172
0.010986	-1.2753	-1.398
0.01123	-0.92296	-1.0075
0.011475	-0.41856	-0.59262
0.011719	0.11263	-0.18815
0.011963	0.56828	0.18536
0.012207	0.82139	0.52028
0.012451	0.74082	0.81442
0.012695	0.38828	1.0681
0.012939	-0.091371	1.2779
0.013184	-0.53365	1.4309
0.013428	-0.78705	1.5083
0.013672	-0.82904	1.4896
0.013916	-0.61703	1.3591
0.01416	-0.13143	1.1174
0.014404	0.49264	0.78236
0.014648	1.0883	0.38451
0.014893	1.4649	-0.035157
0.015137	1.5173	-0.43479
0.015381	1.3076	-0.77625
0.015625	0.87886	-1.0305
0.015869	0.32066	-1.1832
0.016113	-0.21296	-1.2371
0.016357	-0.58677	-1.206
0.016602	-0.66051	-1.1086
0.016846	-0.43207	-0.95926
0.01709	-0.032947	-0.77035
0.017334	0.42554	-0.5526
0.017578	0.79582	-0.31676
0.017822	0.97701	-0.072372
0.018066	0.92721	0.17213
0.018311	0.61321	0.40398
0.018555	0.12847	0.6052
0.018799	-0.38404	0.755
0.019043	-0.78127	0.8464
0.019287	-0.93364	0.87006
0.019531	-0.84323	0.82784
0.019775	-0.56608	0.72794
0.02002	-0.17296	0.5862
0.020264	0.22247	0.42202
0.020508	0.51819	0.25555
0.020752	0.59737	0.092275
0.020996	0.403	-0.058618
0.02124	0.026954	-0.19705
0.021484	-0.40011	-0.32529
0.021729	-0.76122	-0.44405
0.021973	-0.99366	-0.54978
0.022217	-1.0679	-0.63306
0.022461	-0.93035	-0.68101
0.022705	-0.59882	-0.68085
0.022949	-0.20004	-0.62515
0.023193	0.11291	-0.51417
0.023438	0.24301	-0.35813
0.023682	0.20183	-0.17634
0.023926	0.033342	0.0047817
0.02417	-0.24591	0.15809
0.024414	-0.5756	0.26331
0.024658	-0.84857	0.31453
0.024902	-0.96247	0.31676
0.025146	-0.87753	0.28222
0.025391	-0.66054	0.22654
0.025635	-0.39028	0.16658
0.025879	-0.12594	0.11729
0.026123	0.059488	0.085278
0.026367	0.1067	0.064669
0.026611	-0.013952	0.043153
0.026855	-0.26916	0.0093853
0.0271	-0.56941	-0.041607
0.027344	-0.84733	-0.10751
0.027588	-1.0492	-0.18152
0.027832	-1.1238	-0.2501
0.028076	-1.0536	-0.29519
0.02832	-0.87475	-0.30027
0.028564	-0.66135	-0.25868
0.028809	-0.50356	-0.1761
0.029053	-0.42998	-0.068364
0.029297	-0.45622	0.044714
0.029541	-0.60013	0.14177
0.029785	-0.85324	0.20532
0.030029	-1.1344	0.22711
0.030273	-1.3506	0.21041
0.030518	-1.4446	0.16793
0.030762	-1.4427	0.11544
0.031006	-1.3646	0.066678
0.03125	-1.2002	0.030446
0.031494	-0.97549	0.010221
0.031738	-0.78989	0.0015086
0.031982	-0.73804	-0.0050443
0.032227	-0.81755	-0.018452
0.032471	-0.95475	-0.042098
0.032715	-1.1098	-0.072786
0.032959	-1.2935	-0.10254
0.033203	-1.4721	-0.1243
0.033447	-1.5513	-0.13072
0.033691	-1.4744	-0.11659
0.033936	-1.2999	-0.083854
0.03418	-1.1241	-0.042423
0.034424	-0.97683	-0.0053007
0.034668	-0.84504	0.016799
0.034912	-0.76861	0.020644
0.035156	-0.81643	0.0079565
0.0354	-0.98343	-0.015752
0.035645	-1.1619	-0.041298
0.035889	-1.261	-0.057044
0.036133	-1.2963	-0.055811
0.036377	-1.3028	-0.039267
0.036621	-1.2339	-0.016602
0.036865	-1.042	0.0010412
0.037109	-0.79807	0.0057732
0.037354	-0.63941	-0.0044355
0.037598	-0.60661	-0.027705
0.037842	-0.62075	-0.055609
0.038086	-0.64447	-0.0745
0.03833	-0.73338	-0.071412
0.038574	-0.8859	-0.040964
0.038818	-0.97687	0.011714
0.039062	-0.9092	0.073257
0.039307	-0.74734	0.12768
0.039551	-0.59997	0.1595
0.039795	-0.45537	0.15704
0.040039	-0.24866	0.11755
0.040283	-0.048483	0.049986
0.040527	-0.0080555	-0.028901
0.040771	-0.12407	-0.10085
0.041016	-0.21748	-0.15339
0.04126	-0.21116	-0.18007
0.041504	-0.20991	-0.18218
0.041748	-0.25373	-0.16739
0.041992	-0.20131	-0.14958
0.042236	0.041381	-0.13982
0.04248	0.32861	-0.14329
0.042725	0.47624	-0.15562
0.042969	0.52344	-0.169
0.043213	0.6177	-0.17938
0.043457	0.71088	-0.17705
0.043701	0.64034	-0.15484
0.043945	0.44691	-0.11343
0.044189	0.37358	-0.061568
0.044434	0.48826	-0.012129
0.044678	0.59816	0.022472
0.044922	0.60807	0.041914
0.045166	0.6978	0.042384
0.04541	0.95274	0.026864
0.045654	1.1623	0.0014342
0.045898	1.1398	-0.023605
0.046143	1.013	-0.039927
0.046387	0.99205	-0.042935
0.046631	1.0137	-0.03345
0.046875	0.88517	-0.015884
0.047119	0.68139	0.0029857
0.047363	0.67123	0.017369
0.047607	0.8667	0.022396
0.047852	0.99222	0.015975
0.048096	0.95613	0.00091427
0.04834	0.98877	-0.018349
0.048584	1.1808	-0.036615
0.048828	1.2715	-0.049629
0.049072	1.0869	-0.055031
0.049316	0.84493	-0.053379
0.049561	0.78951	-0.046064
0.049805	0.80775	-0.036427
0.050049	0.66903	-0.028259
0.050293	0.4803	-0.022314
0.050537	0.52429	-0.019503
0.050781	0.75612	-0.018517
0.051025	0.85189	-0.017711
0.05127	0.75794	-0.015538
0.051514	0.74092	-0.011122
0.051758	0.88674	-0.0039821
0.052002	0.90769	0.0035635
0.052246	0.63422	0.010285
0.05249	0.36464	0.013568
0.052734	0.36057	0.013874
0.052979	0.42894	0.010788
0.053223	0.31702	0.0054859
0.053467	0.17804	-0.0017656
0.053711	0.29192	-0.0080033
0.053955	0.57244	-0.012658
0.054199	0.66582	-0.014216
0.054443	0.53927	-0.014645
0.054688	0.49687	-0.014829
0.054932	0.608	-0.015781
0.055176	0.57207	-0.017683
0.05542	0.26924	-0.021299
0.055664	0.021751	-0.026059
0.055908	0.080319	-0.031154
0.056152	0.21806	-0.035593
0.056396	0.16422	-0.036399
0.056641	0.098012	-0.034467
0.056885	0.29615	-0.028826
0.057129	0.6039	-0.020807
0.057373	0.67745	-0.011835
0.057617	0.5148	-0.0030658
0.057861	0.42136	0.0041841
0.058105	0.47713	0.0080908
0.05835	0.40247	0.0090562
0.058594	0.10455	0.0072997
0.058838	-0.080132	0.0035174
0.059082	0.061525	-0.00041822
0.059326	0.27872	-0.0045473
0.05957	0.32225	-0.0070609
0.059814	0.34784	-0.0083268
0.060059	0.58705	-0.0076491
0.060303	0.872	-0.0069639
0.060547	0.86746	-0.0059706
0.060791	0.62106	-0.0060126
0.061035	0.45661	-0.0066419
0.061279	0.42968	-0.008511
0.061523	0.31582	-0.011541
0.061768	0.074638	-0.014422
0.062012	-0.013558	-0.0165
0.062256	0.2114	-0.017168
0.0625	0.50977	-0.015917
0.062744	0.63594	-0.01353
0.062988	0.71485	-0.0097352
0.063232	0.91338	-0.0052998
0.063477	1.0696	-0.0019842
0.063721	0.93633	0.00041901
0.063965	0.59849	0.0012154
0.064209	0.35647	0.0008773
0.064453	0.27088	-0.0006577
0.064697	0.15886	-0.0022293
0.064941	0.014928	-0.0038756
0.065186	0.063777	-0.0046476
0.06543	0.36278	-0.0045604
0.065674	0.68255	-0.0048616
0.065918	0.83554	-0.0052916
0.066162	0.88912	-0.0065961
0.066406	0.95807	-0.0088739
0.06665	0.92682	-0.010905
0.066895	0.66105	-0.011268
0.067139	0.28307	-0.011765
0.067383	0.042642	-0.011898
0.067627	-0.038395	-0.011642
0.067871	-0.083723	-0.0095833
0.068115	-0.086997	-0.0075828
0.068359	0.077953	-0.0049483
0.068604	0.38708	-0.0051003
0.068848	0.64186	-0.005089
0.069092	0.71233	-0.0047718
0.069336	0.66524	-0.0050716
0.06958	0.57486	-0.005091
0.069824	0.39549	-0.0057458
0.070068	0.089253	-0.0064415
0.070312	-0.22263	-0.0070122
0.070557	-0.36404	-0.0075595
0.070801	-0.3296	-0.0074658
0.071045	-0.23444	-0.0074923
0.071289	-0.087493	-0.0073726
0.071533	0.15234	-0.0065428
0.071777	0.41298	-0.0064956
0.072021	0.54313	-0.0057069
0.072266	0.47827	-0.0057855
0.07251	0.29426	-0.0057886
0.072754	0.073146	-0.0057135
0.072998	-0.17664	-0.0063058
0.073242	-0.43029	-0.006012
0.073486	-0.58643	-0.0059525
0.07373	-0.561	-0.0055536
0.073975	-0.38119	-0.0050596
0.074219	-0.15105	-0.0047091
0.074463	0.07348	-0.003961
0.074707	0.28286	-0.003903
0.074951	0.41244	-0.0036077
0.075195	0.37267	-0.0035934
0.075439	0.16423	-0.0039641
0.075684	-0.11291	-0.0040111
0.075928	-0.36939	-0.0045329
0.076172	-0.56848	-0.0043858
0.076416	-0.6832	-0.0042057
0.07666	-0.66455	-0.004407
0.076904	-0.49123	-0.0038556
0.077148	-0.22326	-0.0040576
0.077393	0.039706	-0.0037009
0.077637	0.22589	-0.0037721
0.077881	0.31127	-0.0038829
0.078125	0.28292	-0.0036489
0.078369	0.11799	-0.0041414
0.078613	-0.14978	-0.0041329
0.078857	-0.41871	-0.0040648
0.079102	-0.60863	-0.0039037
0.079346	-0.69169	-0.0036063
0.07959	-0.66031	-0.0036727
0.079834	-0.521	-0.0032515
0.080078	-0.28798	-0.0030277
0.080322	-0.019122	-0.0028487
0.080566	0.19012	-0.0023635
0.080811	0.28745	-0.002222
0.081055	0.2713	-0.0015827
0.081299	0.15463	-0.0016022
0.081543	-0.038005	-0.0011968
0.081787	-0.27178	-0.00057195
0.082031	-0.48038	-0.00049952
0.082275	-0.58518	-0.00011279
0.08252	-0.57714	-0.00035
0.082764	-0.47982	-0.00019039
0.083008	-0.30472	-0.00023498
0.083252	-0.085469	-0.00050746
0.083496	0.13352	-0.00047858
0.08374	0.29227	-0.00070104
0.083984	0.33743	-0.00098895
0.084229	0.2815	-0.0011811
0.084473	0.16267	-0.0014486
0.084717	-0.0030518	-0.0013216
0.084961	-0.18165	-0.0017546
0.085205	-0.32744	-0.0019304
0.085449	-0.39213	-0.0020816
0.085693	-0.3455	-0.0021984
0.085938	-0.22571	-0.0020133
0.086182	-0.066595	-0.0020592
0.086426	0.1274	-0.0016399
0.08667	0.31026	-0.0015695
0.086914	0.42896	-0.0013696
0.087158	0.45805	-0.0010462
0.087402	0.39003	-0.00079927
0.087646	0.26952	-0.00054346
0.087891	0.13224	-0.00060557
0.088135	-0.024259	-0.0006452
0.088379	-0.14776	-0.00053811
0.088623	-0.18608	-0.00070965
0.088867	-0.13933	-0.00073213
0.089111	-0.022532	-0.00089456
0.089355	0.12678	-0.0011137
0.0896	0.2802	-0.0014769
0.089844	0.42964	-0.0019129
0.090088	0.51767	-0.0020681
0.090332	0.50916	-0.0024737
0.090576	0.42709	-0.0028513
0.09082	0.30744	-0.003286
0.091064	0.17999	-0.003525
0.091309	0.07201	-0.003636
0.091553	-0.011166	-0.0037528
0.091797	-0.019516	-0.0036945
0.092041	0.057641	-0.0036357
0.092285	0.18225	-0.0036035
0.092529	0.32548	-0.0034949
0.092773	0.45474	-0.0032631
0.093018	0.53609	-0.0030008
0.093262	0.56964	-0.0028557
0.093506	0.52973	-0.0028072
0.09375	0.42676	-0.0026917
0.093994	0.30626	-0.0025594
0.094238	0.18665	-0.0024862
0.094482	0.10263	-0.0025201
0.094727	0.073201	-0.0024849
0.094971	0.089904	-0.0026731
0.095215	0.16041	-0.0028227
0.095459	0.26183	-0.002999
0.095703	0.35626	-0.0031103
0.095947	0.42689	-0.0032875
0.096191	0.44563	-0.003618
0.096436	0.41223	-0.0038166
0.09668	0.34205	-0.0039779
0.096924	0.24188	-0.0040751
0.097168	0.15014	-0.0041183
0.097412	0.090113	-0.0042217
0.097656	0.058669	-0.0041828
0.0979	0.07336	-0.0042186
0.098145	0.11757	-0.0040887
0.098389	0.17651	-0.0038681
0.098633	0.24589	-0.0037253
0.098877	0.28682	-0.0034955
0.099121	0.29112	-0.0033466
0.099365	0.26517	-0.0030799
0.099609	0.2027	-0.0028297
0.099854	0.13514	-0.0026283
0.1001	0.076212	-0.0023521
0.10034	0.029832	-0.0022772
0.10059	0.025958	-0.0021679
0.10083	0.039032	-0.0020922
0.10107	0.06879	-0.0020182
0.10132	0.11503	-0.0018941
0.10156	0.14099	-0.0020145
0.10181	0.15952	-0.0020221
0.10205	0.16542	-0.0020481
0.10229	0.12357	-0.0021585
0.10254	0.080467	-0.0021967
0.10278	0.032832	-0.0023454
0.10303	-0.019158	-0.002454
0.10327	-0.027641	-0.0025848
0.10352	-0.02677	-0.0027371
0.10376	-0.018615	-0.0027307
0.104	0.019396	-0.0027225
0.10425	0.037149	-0.0026532
0.10449	0.052243	-0.0025869
0.10474	0.069514	-0.0024499
0.10498	0.047606	-0.0022244
0.10522	0.028794	-0.0020946
0.10547	0.0025883	-0.001885
0.10571	-0.044155	-0.0016036
0.10596	-0.053741	-0.0014038
0.1062	-0.060535	-0.0011505
0.10645	-0.060162	-0.00086862
0.10669	-0.020575	-0.00053413
0.10693	-0.0087468	-0.00019927
0.10718	0.0010097	-3.9873e-06
0.10742	0.022557	0.00011484
0.10767	-9.0583e-05	0.00031255
0.10791	-0.014375	0.00032644
0.10815	-0.024798	0.00026506
0.1084	-0.074131	0.00017756
0.10864	-0.092979	7.4171e-05
0.10889	-0.10731	-2.4806e-05
0.10913	-0.1277	-0.00017195
0.10938	-0.10164	-0.00038158
0.10962	-0.085087	-0.00044652
0.10986	-0.076176	-0.00055422
0.11011	-0.045864	-0.00078862
0.11035	-0.050632	-0.00098483
0.1106	-0.054055	-0.0010408
0.11084	-0.049859	-0.0010572
0.11108	-0.081118	-0.0010699
0.11133	-0.094234	-0.00098092
0.11157	-0.10453	-0.00078762
0.11182	-0.13387	-0.00046172
0.11206	-0.12157	-0.00026392
0.1123	-0.11492	-6.2009e-05
0.11255	-0.11064	0.0003081
0.11279	-0.071237	0.00061506
0.11304	-0.061433	0.00070231
0.11328	-0.063637	0.00086455
0.11353	-0.044821	0.001125
0.11377	-0.065267	0.0013293
0.11401	-0.080111	0.0013546
0.11426	-0.086905	0.001293
0.1145	-0.12925	0.0013174
0.11475	-0.14213	0.0013015
0.11499	-0.14761	0.00097625
0.11523	-0.16667	0.00060316
0.11548	-0.16036	0.00046745
0.11572	-0.15555	0.00022969
0.11597	-0.16416	-0.0001329
0.11621	-0.1476	-0.00042032
0.11646	-0.15991	-0.00049431
0.1167	-0.16889	-0.00055518
0.11694	-0.16027	-0.00070988
0.11719	-0.16837	-0.00081481
0.11743	-0.16179	-0.00061906
0.11768	-0.14383	-0.00048051
0.11792	-0.14753	-0.0004338
0.11816	-0.12828	-0.00025867
0.11841	-0.10536	0.00014922
0.11865	-0.10173	0.0004057
0.1189	-0.0745	0.00049901
0.11914	-0.063811	0.00062912
0.11938	-0.068563	0.00083536
0.11963	-0.049438	0.00090912
0.11987	-0.043238	0.00080659
0.12012	-0.045926	0.00072922
0.12036	-0.029847	0.00078085
0.12061	-0.037987	0.00067338
0.12085	-0.040045	0.00043127
0.12109	-0.036429	0.00029325
0.12134	-0.051046	0.00011245
0.12158	-0.063896	-0.00020957
0.12183	-0.075665	-0.00060555
0.12207	-0.10485	-0.00085827
0.12231	-0.11967	-0.00098727
0.12256	-0.14434	-0.0011174
0.1228	-0.17424	-0.0012169
0.12305	-0.18275	-0.0010805
0.12329	-0.20081	-0.00093874
0.12354	-0.21016	-0.00088132
0.12378	-0.20915	-0.00081963
0.12402	-0.21553	-0.00074409
0.12427	-0.21409	-0.00083672
0.12451	-0.19064	-0.00088316
0.12476	-0.18422	-0.00080843
0.125	-0.16394	-0.00067145
0.12524	-0.14162	-0.00058056
0.12549	-0.11728	-0.00060589
0.12573	-0.082991	-0.00045944
0.12598	-0.04364	-0.00030142
0.12622	-0.011958	-0.00057145
0.12646	0.029149	-0.00087905
0.12671	0.058364	-0.001041
0.12695	0.093598	-0.0012537
0.1272	0.11949	-0.0015594
0.12744	0.13387	-0.0017933
0.12769	0.14737	-0.0016551
0.12793	0.15196	-0.001436
0.12817	0.13845	-0.0015356
0.12842	0.13125	-0.0015495
0.12866	0.1128	-0.0012987
0.12891	0.081985	-0.0012609
0.12915	0.060146	-0.0015448
0.12939	0.024277	-0.001772
0.12964	-0.012473	-0.0015494
0.12988	-0.051213	-0.001254
0.13013	-0.083511	-0.0012604
0.13037	-0.12006	-0.001124
0.13062	-0.14795	-0.00066403
0.13086	-0.1765	-0.00042331
0.1311	-0.18855	-0.00062866
0.13135	-0.20082	-0.00086861
0.13159	-0.19419	-0.00086974
0.13184	-0.18131	-0.00092657
0.13208	-0.15701	-0.0013225
0.13232	-0.12648	-0.0013909
0.13257	-0.081278	-0.0010419
0.13281	-0.041055	-0.00071713
0.13306	0.0086278	-0.000645
0.1333	0.060519	-0.00060885
0.13354	0.11225	-0.00038564
0.13379	0.15485	-0.00029167
0.13403	0.19654	-0.00062548
0.13428	0.23753	-0.0008716
0.13452	0.26442	-0.00067666
0.13477	0.28448	-0.00045767
0.13501	0.29922	-0.00030473
0.13525	0.29907	-0.00024864
0.1355	0.28369	0.00013005
0.13574	0.27985	0.00054016
0.13599	0.24829	0.00066528
0.13623	0.20775	0.00050406
0.13647	0.17557	0.00046662
0.13672	0.13608	0.0004373
0.13696	0.076804	0.00033016
0.13721	0.040379	7.6437e-05
0.13745	3.7245e-05	5.6573e-05
0.1377	-0.046013	0.00065865
0.13794	-0.078716	0.0010508
0.13818	-0.095488	0.0011088
0.13843	-0.1242	0.0010608
0.13867	-0.1359	0.0013543
0.13892	-0.12096	0.001439
0.13916	-0.11333	0.0010209
0.1394	-0.1055	0.00040755
0.13965	-0.070929	0.00064969
0.13989	-0.044727	0.0011411
0.14014	-0.023453	0.0010208
0.14038	0.032551	0.00080612
0.14062	0.071207	0.00126
0.14087	0.087679	0.0020767
0.14111	0.12812	0.0020115
0.14136	0.17231	0.0013625
0.1416	0.1753	0.0011263
0.14185	0.20089	0.0016859
0.14209	0.22804	0.0014551
0.14233	0.21527	0.00073369
0.14258	0.20905	0.00068397
0.14282	0.21858	0.0016795
0.14307	0.18255	0.0021429
0.14331	0.14984	0.0014957
0.14355	0.15041	0.0011726
0.1438	0.11515	0.0017632
0.14404	0.063973	0.0021077
0.14429	0.047365	0.0011941
0.14453	0.01374	0.00042343
0.14478	-0.038615	0.00065121
0.14502	-0.039918	0.0014097
0.14526	-0.048593	0.00086799
0.14551	-0.095599	9.0293e-05
0.14575	-0.10468	0.00060253
0.146	-0.089994	0.0015922
0.14624	-0.11317	0.0012941
0.14648	-0.10531	0.00022996
0.14673	-0.074921	-0.00014028
0.14697	-0.083113	0.0004715
0.14722	-0.078967	0.00045795
0.14746	-0.034711	-0.00083261
0.14771	-0.036172	-0.0010354
0.14795	-0.038383	-0.00022881
0.14819	0.016317	-2.2727e-05
0.14844	0.029987	-0.0009739
0.14868	0.0071624	-0.0020311
0.14893	0.038183	-0.0012909
0.14917	0.051506	-0.0011517
0.14941	0.019149	-0.0020999
0.14966	0.042703	-0.0036772
0.1499	0.063108	-0.0032737
0.15015	0.021493	-0.0031162
0.15039	0.0098891	-0.0031467
0.15063	0.02646	-0.004792
0.15088	-0.0095825	-0.0042113
0.15112	-0.02156	-0.0032313
0.15137	0.0037933	-0.0035555
0.15161	-0.031258	-0.0050214
0.15186	-0.068709	-0.005473
0.1521	-0.03928	-0.0049277
0.15234	-0.053217	-0.0049006
0.15259	-0.092866	-0.005946
0.15283	-0.060788	-0.0069576
0.15308	-0.048848	-0.0058279
0.15332	-0.088913	-0.0059003
0.15356	-0.071377	-0.0064455
0.15381	-0.050257	-0.0075199
0.15405	-0.080111	-0.0069982
0.1543	-0.056535	-0.0062513
0.15454	-0.017182	-0.0072292
0.15479	-0.050203	-0.0085613
0.15503	-0.057854	-0.0081783
0.15527	-0.014919	-0.007562
0.15552	-0.034881	-0.0080888
0.15576	-0.050686	-0.008718
0.15601	-0.0040632	-0.0091336
0.15625	-0.011637	-0.0082798
0.15649	-0.053541	-0.0083754
0.15674	-0.022024	-0.0093557
0.15698	-0.01418	-0.0094098
0.15723	-0.054787	-0.0089675
0.15747	-0.025708	-0.0086508
0.15771	-0.0082353	-0.0095007
0.15796	-0.056816	-0.010491
0.1582	-0.047986	-0.0095645
0.15845	-0.021795	-0.0091225
0.15869	-0.065063	-0.0096575
0.15894	-0.063994	-0.0099848
0.15918	-0.017698	-0.0093479
0.15942	-0.052013	-0.0095862
0.15967	-0.081279	-0.0092844
0.15991	-0.038077	-0.01051
0.16016	-0.049494	-0.0096727
0.1604	-0.078602	-0.0090889
0.16064	-0.032107	-0.0088475
0.16089	-0.032593	-0.0091638
0.16113	-0.077759	-0.0096969
0.16138	-0.040081	-0.0087501
0.16162	-0.026184	-0.0090803
0.16187	-0.076264	-0.0092951
0.16211	-0.049309	-0.010034
0.16235	-0.0084237	-0.0079504
0.1626	-0.06305	-0.0091771
0.16284	-0.069592	-0.0079705
0.16309	-0.021976	-0.0089615
0.16333	-0.060241	-0.0080061
0.16357	-0.07909	-0.0081077
0.16382	-0.019894	-0.008241
0.16406	-0.043659	-0.0079581
0.16431	-0.086307	-0.0085412
0.16455	-0.035934	-0.0071808
0.16479	-0.036868	-0.0082902
0.16504	-0.086419	-0.0072214
0.16528	-0.042083	-0.009005
0.16553	-0.018665	-0.0063359
0.16577	-0.081672	-0.0087395
0.16602	-0.063648	-0.0067461
0.16626	-0.016505	-0.0073546
0.1665	-0.071496	-0.0065691
0.16675	-0.076601	-0.0067385
0.16699	-0.012355	-0.00712
0.16724	-0.048454	-0.0066862
0.16748	-0.082329	-0.008392
0.16772	-0.027947	-0.0065475
0.16797	-0.03599	-0.0083983
0.16821	-0.080627	-0.0056223
0.16846	-0.029234	-0.0085849
0.1687	-0.014621	-0.0048241
0.16895	-0.074838	-0.0077591
0.16919	-0.046858	-0.0063945
0.16943	-0.0063419	-0.0073196
0.16968	-0.060945	-0.0075236
0.16992	-0.058161	-0.007367
0.17017	-0.0027788	-0.0077248
0.17041	-0.038798	-0.0065144
0.17065	-0.064459	-0.0086011
0.1709	-0.013236	-0.0055644
0.17114	-0.020813	-0.009136
0.17139	-0.061834	-0.0056963
0.17163	-0.017991	-0.0098045
0.17188	-0.00047224	-0.0062008
0.17212	-0.050682	-0.0086954
0.17236	-0.02818	-0.0079447
0.17261	0.0044767	-0.0084154
0.17285	-0.036325	-0.0089535
0.1731	-0.032392	-0.0094271
0.17334	0.0093629	-0.010936
0.17358	-0.016724	-0.0084136
0.17383	-0.039147	-0.012083
0.17407	0.00096973	-0.0072346
0.17432	0.0012804	-0.011473
0.17456	-0.035083	-0.0073274
0.1748	-0.0067834	-0.011161
0.17505	0.013315	-0.0085362
0.17529	-0.024868	-0.010616
0.17554	-0.015677	-0.0098638
0.17578	0.012052	-0.010417
0.17603	-0.013092	-0.010206
0.17627	-0.018978	-0.009513
0.17651	0.010405	-0.011588
0.17676	-0.00035122	-0.0070882
0.177	-0.023442	-0.012593
0.17725	-0.00027949	-0.0078228
0.17749	0.0079877	-0.01186
0.17773	-0.018476	-0.0083915
0.17798	-0.0057368	-0.011506
0.17822	0.014201	-0.0081185
0.17847	-0.0099696	-0.010092
0.17871	-0.012949	-0.0092316
0.17896	0.012594	-0.009479
0.1792	0.0025493	-0.010349
0.17944	-0.010247	-0.0080807
0.17969	0.0095577	-0.011722
0.17993	0.010984	-0.0063537
0.18018	-0.0095762	-0.010839
0.18042	-0.00022171	-0.0065386
0.18066	0.015411	-0.0096148
0.18091	-0.0021022	-0.0062072
0.18115	-0.0033881	-0.010224
0.1814	0.015203	-0.006604
0.18164	0.0017141	-0.0083811
0.18188	-0.0097313	-0.0082086
0.18213	0.009662	-0.0065972
0.18237	0.012074	-0.0083832
0.18262	-0.0035952	-0.0050329
0.18286	0.0054802	-0.0086988
0.18311	0.015388	-0.0038147
0.18335	-0.0033386	-0.0079057
0.18359	-0.0021617	-0.0041138
0.18384	0.01879	-0.007427
0.18408	0.0076984	-0.0029136
0.18433	0.00027457	-0.0067631
0.18457	0.014943	-0.0043192
0.18481	0.010254	-0.0042702
0.18506	-0.0044816	-0.0053051
0.1853	0.0093722	-0.0034102
0.18555	0.021064	-0.0048971
0.18579	0.0044734	-0.0020088
0.18604	0.0075923	-0.0054875
0.18628	0.01977	-0.00059728
0.18652	0.0024736	-0.0047343
0.18677	0.0059968	-0.0012938
0.18701	0.023854	-0.0045955
0.18726	0.017819	-0.0010701
0.1875	0.0097417	-0.0039222
0.18774	0.019582	-0.0023872
0.18799	0.018258	-0.0010859
0.18823	0.0040133	-0.0028653
0.18848	0.016761	-0.0011707
0.18872	0.027846	-0.0024395
0.18896	0.013435	-0.00018594
0.18921	0.015045	-0.0036413
0.18945	0.019054	0.00037393
0.1897	0.0088518	-0.0036299
0.18994	0.011329	-0.00063135
0.19019	0.023397	-0.0028859
0.19043	0.026548	-0.00094688
0.19067	0.015438	-0.0021453
0.19092	0.020458	-0.0021923
0.19116	0.019755	-0.0014253
0.19141	0.010054	-0.0027217
0.19165	0.02314	-0.0016864
0.19189	0.030307	-0.0033453
0.19214	0.020876	-0.0011269
0.19238	0.017217	-0.0042902
0.19263	0.01397	-0.0017731
0.19287	0.010705	-0.0039586
0.19312	0.0091597	-0.0025975
0.19336	0.022208	-0.0039327
0.1936	0.02352	-0.0030249
0.19385	0.0097192	-0.003511
0.19409	0.013081	-0.0042891
0.19434	0.0087068	-0.003614
0.19458	0.0093985	-0.0049704
0.19482	0.01953	-0.0043961
0.19507	0.024108	-0.0057078
0.19531	0.019075	-0.0037752
0.19556	0.0085751	-0.0060393
0.1958	0.0064396	-0.0044323
0.19604	0.0058817	-0.0052565
0.19629	0.0023251	-0.0059098
0.19653	0.014676	-0.0061533
0.19678	0.0072153	-0.0063702
0.19702	-0.0035378	-0.0072587
0.19727	-0.0078563	-0.0072456
0.19751	-0.011365	-0.0069047
0.19775	-0.0043611	-0.0083438
0.198	-0.0023226	-0.0063583
0.19824	0.0063016	-0.0071339
0.19849	-0.00078312	-0.0071503
0.19873	-0.011426	-0.0070468
0.19897	-0.0078662	-0.0066852
0.19922	-0.0082056	-0.0074682
0.19946	-0.0041955	-0.0065761
0.19971	0.0032297	-0.0066489
0.19995	-0.0052061	-0.0080328
0.2002	-0.011135	-0.0064214
0.20044	-0.025067	-0.007034
0.20068	-0.017215	-0.006926
0.20093	-0.016151	-0.0056534
0.20117	-0.013573	-0.0052275
0.20142	-0.0079468	-0.0060706
0.20166	-0.021472	-0.0045003
0.2019	-0.024245	-0.0054938
0.20215	-0.023285	-0.0059723
0.20239	-0.016662	-0.0042947
0.20264	-0.0089729	-0.0051316
0.20288	-0.011346	-0.0046436
0.20312	-0.011012	-0.0024677
0.20337	-0.021557	-0.0027577
0.20361	-0.028009	-0.0036578
0.20386	-0.015019	-0.0010545
0.2041	-0.021932	-0.0022832
0.20435	-0.013682	-0.0016258
0.20459	-0.022911	0.0012706
0.20483	-0.026202	-0.00012016
0.20508	-0.029582	-0.0010575
0.20532	-0.030685	0.0016738
0.20557	-0.018631	0.00081997
0.20581	-0.018184	0.00081842
0.20605	-0.016031	0.0049028
0.2063	-0.013641	0.0036528
0.20654	-0.023759	0.0034766
0.20679	-0.015698	0.0064212
0.20703	-0.013447	0.0047532
0.20728	-0.0085002	0.0041289
0.20752	-0.0054349	0.0088159
0.20776	-0.017126	0.0066372
0.20801	-0.013061	0.0064352
0.20825	-0.025155	0.010429
0.2085	-0.016495	0.0072216
0.20874	-0.012779	0.0073273
0.20898	-0.012843	0.012083
0.20923	-0.0099878	0.0093459
0.20947	-0.016695	0.01069
0.20972	-0.013649	0.016379
0.20996	-0.0068374	0.010793
0.21021	-0.0068985	0.010895
0.21045	0.0055481	0.016237
0.21069	-0.0040355	0.011914
0.21094	-0.00063526	0.013474
0.21118	-0.0011308	0.019289
0.21143	-0.0056523	0.0122
0.21167	0.0030521	0.013761
0.21191	0.00035747	0.019251
0.21216	0.0058561	0.012726
0.2124	0.00053443	0.016088
0.21265	-0.00023269	0.02338
0.21289	0.0023325	0.015554
0.21313	0.002987	0.017693
0.21338	0.010235	0.021726
0.21362	0.013716	0.012504
0.21387	0.012267	0.015703
0.21411	0.017539	0.021097
0.21436	0.011891	0.011824
0.2146	0.020036	0.017166
0.21484	0.020895	0.022304
0.21509	0.024011	0.012339
0.21533	0.026019	0.018304
0.21558	0.019385	0.023924
0.21582	0.022634	0.013435
0.21606	0.019854	0.018554
0.21631	0.024261	0.019706
0.21655	0.028413	0.0060318
0.2168	0.02659	0.011716
0.21704	0.028686	0.015196
0.21729	0.027823	0.0049408
0.21753	0.028389	0.015144
0.21777	0.035384	0.019671
0.21802	0.03316	0.0082393
0.21826	0.040377	0.015827
0.21851	0.034965	0.016397
0.21875	0.037629	0.002269
0.21899	0.03584	0.0089924
0.21924	0.037678	0.0080033
0.21948	0.039423	-0.0050868
0.21973	0.039512	0.0058585
0.21997	0.03966	0.008171
0.22021	0.039069	-0.0016976
0.22046	0.037079	0.01089
0.2207	0.039775	0.011898
0.22095	0.038576	-0.0012141
0.22119	0.042587	0.0064005
0.22144	0.042234	0.0010788
0.22168	0.0414	-0.013699
0.22192	0.042218	-0.0036834
0.22217	0.041323	-0.0046519
0.22241	0.043556	-0.014212
0.22266	0.044577	0.00069151
0.2229	0.042714	0.00096814
0.22314	0.044338	-0.0090627
0.22339	0.040231	0.0023615
0.22363	0.04163	-0.0023714
0.22388	0.040425	-0.016233
0.22412	0.041987	-0.0074473
0.22437	0.040691	-0.013492
0.22461	0.042461	-0.023853
0.22485	0.038606	-0.0091236
0.2251	0.043469	-0.0094868
0.22534	0.038519	-0.016423
0.22559	0.045212	-0.0014753
0.22583	0.038431	-0.0055733
0.22607	0.046509	-0.016672
0.22632	0.03689	-0.0078464
0.22656	0.045763	-0.016159
0.22681	0.034205	-0.027315
0.22705	0.045202	-0.014565
0.22729	0.034085	-0.018144
0.22754	0.043519	-0.023431
0.22778	0.032115	-0.0076351
0.22803	0.042973	-0.010472
0.22827	0.030135	-0.017638
0.22852	0.044117	-0.0060832
0.22876	0.029837	-0.013869
0.229	0.043995	-0.023475
0.22925	0.031151	-0.013214
0.22949	0.042916	-0.020299
0.22974	0.031727	-0.025801
0.22998	0.042831	-0.011027
0.23022	0.0318	-0.013968
0.23047	0.041786	-0.016911
0.23071	0.030649	-0.0031732
0.23096	0.038848	-0.0099238
0.2312	0.031406	-0.01692
0.23145	0.036047	-0.0083559
0.23169	0.030978	-0.0176
0.23193	0.034205	-0.023313
0.23218	0.030265	-0.011026
0.23242	0.033023	-0.015362
0.23267	0.030561	-0.015653
0.23291	0.030706	-0.0022284
0.23315	0.031564	-0.0078518
0.2334	0.029421	-0.011012
0.23364	0.030928	-0.0014927
0.23389	0.028655	-0.010083
0.23413	0.029871	-0.013908
0.23438	0.027277	-0.0053923
0.23462	0.029107	-0.012953
0.23486	0.024499	-0.013819
0.23511	0.028574	-0.002544
0.23535	0.023114	-0.0068237
0.2356	0.027179	-0.0047369
0.23584	0.023769	0.0056804
0.23608	0.026121	-0.0016333
0.23633	0.024499	-0.0037892
0.23657	0.026156	0.0015231
0.23682	0.023894	-0.0075423
0.23706	0.026384	-0.0081592
0.2373	0.023955	-0.00050719
0.23755	0.025601	-0.0055509
0.23779	0.024863	-0.0025149
0.23804	0.024319	0.0056897
0.23828	0.025025	0.0003994
0.23853	0.024616	0.0022017
0.23877	0.024424	0.007782
0.23901	0.025096	0.00051777
0.23926	0.02383	0.00034751
