-0.2395	-0.00016428	-0.03421
-0.23926	0.060644	-0.0048135
-0.23901	0.035988	-0.0081762
-0.23877	0.052225	-0.011795
-0.23853	0.025478	-0.013592
-0.23828	0.025282	-0.01696
-0.23804	0.018215	-0.018538
-0.23779	0.012771	-0.021469
-0.23755	0.043411	-0.022404
-0.2373	0.030858	-0.024533
-0.23706	0.032002	-0.025902
-0.23682	0.028805	-0.026888
-0.23657	0.015734	-0.026902
-0.23633	0.025772	-0.027658
-0.23608	0.0062038	-0.02786
-0.23584	0.011288	-0.028205
-0.2356	0.03392	-0.02719
-0.23535	0.048641	-0.027155
-0.23511	0.077241	-0.026379
-0.23486	0.075229	-0.026705
-0.23462	0.07871	-0.026838
-0.23438	0.081559	-0.026571
-0.23413	0.064273	-0.026698
-0.23389	0.059775	-0.025474
-0.23364	0.052402	-0.024784
-0.2334	0.063672	-0.022947
-0.23315	0.084012	-0.019811
-0.23291	0.086444	-0.016316
-0.23267	0.09071	-0.013901
-0.23242	0.083062	-0.0096334
-0.23218	0.065846	-0.0065797
-0.23193	0.04601	-0.002552
-0.23169	0.014155	0.00012642
-0.23145	0.0014236	0.0044496
-0.2312	-0.0027144	0.0074152
-0.23096	-0.0030894	0.011336
-0.23071	0.00036849	0.013706
-0.23047	-0.0019787	0.017916
-0.23022	0.00030058	0.020892
-0.22998	-0.00074478	0.025338
-0.22974	-0.010509	0.027602
-0.22949	-0.016586	0.03105
-0.22925	-0.018646	0.033294
-0.229	-0.014999	0.037196
-0.22876	-0.0056382	0.038459
-0.22852	0.00073295	0.041152
-0.22827	0.017876	0.042776
-0.22803	0.035255	0.044934
-0.22778	0.051185	0.045145
-0.22754	0.062807	0.04663
-0.22729	0.064355	0.046854
-0.22705	0.063724	0.047605
-0.22681	0.056776	0.046907
-0.22656	0.041263	0.046948
-0.22632	0.033761	0.045132
-0.22607	0.029379	0.044241
-0.22583	0.034636	0.042193
-0.22559	0.041712	0.040518
-0.22534	0.040133	0.037553
-0.2251	0.03656	0.035608
-0.22485	0.019532	0.03262
-0.22461	-0.0047536	0.029605
-0.22437	-0.031426	0.02602
-0.22412	-0.054551	0.02386
-0.22388	-0.060388	0.020333
-0.22363	-0.055383	0.016929
-0.22339	-0.043398	0.01332
-0.22314	-0.02703	0.01037
-0.2229	-0.021084	0.0064696
-0.22266	-0.018708	0.0031073
-0.22241	-0.028827	-0.00040178
-0.22217	-0.039388	-0.0036842
-0.22192	-0.0425	-0.0069598
-0.22168	-0.03911	-0.0093519
-0.22144	-0.021851	-0.012198
-0.22119	-0.0021681	-0.014806
-0.22095	0.018074	-0.016775
-0.2207	0.035459	-0.017781
-0.22046	0.038762	-0.019507
-0.22021	0.036177	-0.020711
-0.21997	0.030628	-0.02144
-0.21973	0.020628	-0.021686
-0.21948	0.018197	-0.022711
-0.21924	0.014929	-0.022886
-0.21899	0.014313	-0.022376
-0.21875	0.014688	-0.022213
-0.21851	0.012046	-0.022069
-0.21826	0.0052974	-0.021552
-0.21802	-0.0033483	-0.02122
-0.21777	-0.014287	-0.020718
-0.21753	-0.025055	-0.020223
-0.21729	-0.034143	-0.019775
-0.21704	-0.040051	-0.020025
-0.2168	-0.045192	-0.020262
-0.21655	-0.046193	-0.020317
-0.21631	-0.043115	-0.021254
-0.21606	-0.037404	-0.02259
-0.21582	-0.028444	-0.024078
-0.21558	-0.019403	-0.026039
-0.21533	-0.012485	-0.029011
-0.21509	-0.0061363	-0.032573
-0.21484	-0.0026793	-0.036063
-0.2146	-0.0026504	-0.040375
-0.21436	-0.0019579	-0.045739
-0.21411	-0.00076577	-0.051345
-0.21387	0.0027645	-0.057512
-0.21362	0.0089901	-0.064425
-0.21338	0.014846	-0.0716
-0.21313	0.017294	-0.079193
-0.21289	0.019058	-0.087294
-0.21265	0.016749	-0.095567
-0.2124	0.010709	-0.10383
-0.21216	0.0053009	-0.11235
-0.21191	0.00017751	-0.12095
-0.21167	-0.0023854	-0.12893
-0.21143	0.00040889	-0.1363
-0.21118	0.0031531	-0.1437
-0.21094	0.0030257	-0.15552
-0.21069	0.0098696	-0.16595
-0.21045	0.0058254	-0.17521
-0.21021	-0.00043428	-0.18306
-0.20996	-0.0020108	-0.18876
-0.20972	-0.012747	-0.193
-0.20947	-0.019932	-0.19502
-0.20923	-0.016397	-0.18951
-0.20898	-0.026318	-0.1818
-0.20874	-0.024117	-0.17269
-0.2085	-0.016359	-0.16152
-0.20825	-0.024685	-0.14917
-0.20801	-0.020843	-0.13473
-0.20776	-0.017421	-0.11911
-0.20752	-0.030085	-0.10119
-0.20728	-0.026184	-0.082021
-0.20703	-0.024959	-0.061655
-0.20679	-0.03568	-0.039886
-0.20654	-0.026104	-0.016268
-0.2063	-0.023881	0.007943
-0.20605	-0.029898	0.032668
-0.20581	-0.015578	0.056981
-0.20557	-0.017404	0.081756
-0.20532	-0.025597	0.10661
-0.20508	-0.015746	0.13089
-0.20483	-0.0269	0.15416
-0.20459	-0.036127	0.17598
-0.20435	-0.027518	0.19625
-0.2041	-0.042561	0.21467
-0.20386	-0.046077	0.22994
-0.20361	-0.033793	0.2425
-0.20337	-0.048702	0.2525
-0.20312	-0.045049	0.25901
-0.20288	-0.034062	0.26216
-0.20264	-0.054721	0.26212
-0.20239	-0.048441	0.25883
-0.20215	-0.043397	0.25214
-0.2019	-0.068999	0.24152
-0.20166	-0.057294	0.22719
-0.20142	-0.053466	0.21009
-0.20117	-0.077157	0.18948
-0.20093	-0.054567	0.16539
-0.20068	-0.05248	0.13791
-0.20044	-0.07423	0.10784
-0.2002	-0.047301	0.074451
-0.19995	-0.055518	0.037939
-0.19971	-0.081014	-0.001775
-0.19946	-0.050854	-0.04395
-0.19922	-0.06529	-0.089278
-0.19897	-0.086174	-0.13668
-0.19873	-0.048485	-0.18645
-0.19849	-0.066047	-0.2376
-0.19824	-0.079059	-0.28972
-0.198	-0.036082	-0.34214
-0.19775	-0.06044	-0.39502
-0.19751	-0.072062	-0.4469
-0.19727	-0.030829	-0.4964
-0.19702	-0.064676	-0.54343
-0.19678	-0.070266	-0.58804
-0.19653	-0.026137	-0.62891
-0.19629	-0.066364	-0.66539
-0.19604	-0.066777	-0.6962
-0.1958	-0.025331	-0.72143
-0.19556	-0.074007	-0.74165
-0.19531	-0.067956	-0.75578
-0.19507	-0.026853	-0.76307
-0.19482	-0.079472	-0.76448
-0.19458	-0.063237	-0.75958
-0.19434	-0.021811	-0.74937
-0.19409	-0.076202	-0.73289
-0.19385	-0.050023	-0.71011
-0.1936	-0.014796	-0.68213
-0.19336	-0.077279	-0.64935
-0.19312	-0.047889	-0.61049
-0.19287	-0.017129	-0.56702
-0.19263	-0.079699	-0.51865
-0.19238	-0.036815	-0.46555
-0.19214	-0.0082801	-0.40806
-0.19189	-0.070938	-0.3464
-0.19165	-0.019841	-0.281
-0.19141	0.0007093	-0.21273
-0.19116	-0.067667	-0.14139
-0.19092	-0.015648	-0.068159
-0.19067	-0.0094224	0.0061969
-0.19043	-0.079178	0.08051
-0.19019	-0.01502	0.15444
-0.18994	-0.011795	0.22767
-0.1897	-0.074792	0.2992
-0.18945	-0.0010733	0.36715
-0.18921	-0.0078826	0.43172
-0.18896	-0.068067	0.49229
-0.18872	0.012722	0.54855
-0.18848	-0.0070503	0.59952
-0.18823	-0.064032	0.64563
-0.18799	0.022103	0.68696
-0.18774	-0.0093808	0.72295
-0.1875	-0.05752	0.75391
-0.18726	0.035555	0.78047
-0.18701	-0.012411	0.82498
-0.18677	-0.056673	0.86634
-0.18652	0.035495	0.90454
-0.18628	-0.02583	0.9402
-0.18604	-0.05317	0.97563
-0.18579	0.046297	1.0097
-0.18555	-0.026098	1.0402
-0.1853	-0.038536	1.0457
-0.18506	0.059296	1.0481
-0.18481	-0.028767	1.0479
-0.18457	-0.027241	1.0436
-0.18433	0.061313	1.0334
-0.18408	-0.043065	1.0193
-0.18384	-0.024743	1.0032
-0.18359	0.061078	0.98221
-0.18335	-0.045321	0.95771
-0.18311	-0.00018343	0.93022
-0.18286	0.076161	0.89949
-0.18262	-0.044267	0.86653
-0.18237	0.015705	0.83067
-0.18213	0.072377	0.7935
-0.18188	-0.054494	0.75695
-0.18164	0.026289	0.7183
-0.1814	0.06535	0.67575
-0.18115	-0.061684	0.63198
-0.18091	0.046602	0.58634
-0.18066	0.07075	0.53904
-0.18042	-0.051524	0.48641
-0.18018	0.071323	0.42946
-0.17993	0.064577	0.36863
-0.17969	-0.054389	0.30339
-0.17944	0.083256	0.23074
-0.1792	0.054835	0.15162
-0.17896	-0.049698	0.066057
-0.17871	0.10426	-0.025753
-0.17847	0.050133	-0.1224
-0.17822	-0.034515	-0.22329
-0.17798	0.12852	-0.32548
-0.17773	0.048538	-0.42803
-0.17749	-0.024052	-0.52854
-0.17725	0.13579	-0.6258
-0.177	0.027734	-0.71642
-0.17676	-0.017264	-0.8015
-0.17651	0.14299	-0.87874
-0.17627	0.015794	-0.94786
-0.17603	-0.0035138	-1.0067
-0.17578	0.1513	-1.0548
-0.17554	0.011283	-1.0928
-0.17529	0.024134	-1.1203
-0.17505	0.16605	-1.1362
-0.1748	0.0064771	-1.1389
-0.17456	0.039525	-1.1294
-0.17432	0.15674	-1.1092
-0.17407	-0.010402	-1.0779
-0.17383	0.045098	-1.0337
-0.17358	0.14006	-0.97813
-0.17334	-0.031611	-0.90969
-0.1731	0.055066	-0.83052
-0.17285	0.13493	-0.74083
-0.17261	-0.019898	-0.63718
-0.17236	0.088493	-0.52206
-0.17212	0.14071	-0.39982
-0.17188	-0.013869	-0.271
-0.17163	0.1001	-0.13936
-0.17139	0.11554	-0.0070937
-0.17114	-0.034915	0.12235
-0.1709	0.080274	0.24408
-0.17065	0.069287	0.35668
-0.17041	-0.053645	0.45968
-0.17017	0.079721	0.55044
-0.16992	0.067163	0.63088
-0.16968	-0.026268	0.7041
-0.16943	0.11054	0.77541
-0.16919	0.073324	0.84788
-0.16895	-0.0082645	0.92498
-0.1687	0.10368	1.0136
-0.16846	0.034619	1.1222
-0.16821	-0.043787	1.2526
-0.16797	0.053586	1.407
-0.16772	-0.017866	1.5857
-0.16748	-0.059075	1.7888
-0.16724	0.047419	2.011
-0.16699	-0.011129	2.2449
-0.16675	-0.022442	2.4803
-0.1665	0.068993	2.7087
-0.16626	0.0014452	2.9161
-0.16602	-0.015886	3.0891
-0.16577	0.040421	3.2164
-0.16553	-0.046319	3.2915
-0.16528	-0.062678	3.3075
-0.16504	-0.020266	3.2607
-0.16479	-0.083936	3.1501
-0.16455	-0.072729	2.9833
-0.16431	-0.021805	2.7682
-0.16406	-0.06259	2.5152
-0.16382	-0.037513	2.239
-0.16357	-0.0022895	1.9558
-0.16333	-0.047861	1.6795
-0.16309	-0.046768	1.4546
-0.16284	-0.040946	1.2644
-0.1626	-0.093851	1.1169
-0.16235	-0.099515	1.0172
-0.16211	-0.09386	0.96187
-0.16187	-0.12065	0.94298
-0.16162	-0.10847	0.95122
-0.16138	-0.082074	0.94246
-0.16113	-0.087388	0.92675
-0.16089	-0.074189	0.89004
-0.16064	-0.056049	0.81387
-0.1604	-0.075831	0.68428
-0.16016	-0.089198	0.49113
-0.15991	-0.087518	0.22828
-0.15967	-0.11413	-0.10567
-0.15942	-0.12746	-0.50492
-0.15918	-0.10642	-0.96285
-0.15894	-0.10876	-1.465
-0.15869	-0.094422	-1.9928
-0.15845	-0.046824	-2.5273
-0.1582	-0.040678	-3.0461
-0.15796	-0.030009	-3.5275
-0.15771	0.0026773	-3.9552
-0.15747	-0.019188	-4.3128
-0.15723	-0.026034	-4.5905
-0.15698	-0.011478	-4.7825
-0.15674	-0.037902	-4.8859
-0.15649	-0.032047	-4.9085
-0.15625	0.0052923	-4.8622
-0.15601	0.002603	-4.7605
-0.15576	0.042935	-4.619
-0.15552	0.088754	-4.4528
-0.15527	0.093229	-4.2793
-0.15503	0.12279	-4.1143
-0.15479	0.14331	-3.9682
-0.15454	0.12095	-3.8466
-0.1543	0.13107	-3.7489
-0.15405	0.1278	-3.6744
-0.15381	0.10679	-3.6166
-0.15356	0.12742	-3.5676
-0.15332	0.14025	-3.5166
-0.15308	0.15035	-3.4491
-0.15283	0.18857	-3.3535
-0.15259	0.21168	-3.2201
-0.15234	0.22515	-3.039
-0.1521	0.24745	-2.8078
-0.15186	0.24024	-2.5245
-0.15161	0.23179	-2.1901
-0.15137	0.22193	-1.8117
-0.15112	0.20158	-1.398
-0.15088	0.18857	-0.96105
-0.15063	0.18429	-0.51403
-0.15039	0.18245	-0.065959
-0.15015	0.19393	0.37169
-0.1499	0.19965	0.78839
-0.14966	0.21094	1.178
-0.14941	0.21814	1.5322
-0.14917	0.20724	1.8479
-0.14893	0.194	2.1219
-0.14868	0.1719	2.3548
-0.14844	0.13914	2.5522
-0.14819	0.11269	2.7126
-0.14795	0.087028	2.8354
-0.14771	0.061157	2.9248
-0.14746	0.053816	2.9847
-0.14722	0.045252	3.017
-0.14697	0.036436	3.0212
-0.14673	0.036346	2.9937
-0.14648	0.029638	2.9422
-0.14624	0.0095146	2.8664
-0.146	-0.0073408	2.7662
-0.14575	-0.036628	2.641
-0.14551	-0.070586	2.4956
-0.14526	-0.091532	2.3312
-0.14502	-0.12034	2.148
-0.14478	-0.13971	1.9457
-0.14453	-0.1461	1.7286
-0.14429	-0.15635	1.5021
-0.14404	-0.15938	1.2669
-0.1438	-0.15435	1.024
-0.14355	-0.16258	0.77566
-0.14331	-0.1661	0.52793
-0.14307	-0.17501	0.28435
-0.14282	-0.1963	0.045113
-0.14258	-0.20821	-0.18674
-0.14233	-0.21938	-0.40333
-0.14209	-0.23187	-0.60359
-0.14185	-0.22875	-0.78347
-0.1416	-0.22585	-0.94017
-0.14136	-0.22496	-1.071
-0.14111	-0.20707	-1.1689
-0.14087	-0.19818	-1.2346
-0.14062	-0.18775	-1.2701
-0.14038	-0.17212	-1.2716
-0.14014	-0.17436	-1.2398
-0.13989	-0.17529	-1.1769
-0.13965	-0.16696	-1.087
-0.1394	-0.17087	-0.97567
-0.13916	-0.17416	-0.846
-0.13892	-0.16985	-0.70262
-0.13867	-0.16968	-0.55493
-0.13843	-0.15605	-0.41134
-0.13818	-0.1374	-0.27662
-0.13794	-0.12183	-0.15992
-0.1377	-0.095974	-0.065849
-0.13745	-0.061155	-0.001274
-0.13721	-0.034947	0.030064
-0.13696	-0.0001883	0.029174
-0.13672	0.029845	-0.0036444
-0.13647	0.055013	-0.06886
-0.13623	0.09222	-0.16113
-0.13599	0.12677	-0.27688
-0.13574	0.15954	-0.40818
-0.1355	0.20297	-0.55171
-0.13525	0.23217	-0.70136
-0.13501	0.26084	-0.84831
-0.13477	0.30037	-0.98624
-0.13452	0.32868	-1.109
-0.13428	0.35164	-1.2102
-0.13403	0.37915	-1.2842
-0.13379	0.39117	-1.3259
-0.13354	0.40232	-1.331
-0.1333	0.41958	-1.2998
-0.13306	0.42608	-1.2249
-0.13281	0.42976	-1.1063
-0.13257	0.43746	-0.94451
-0.13232	0.43247	-0.74294
-0.13208	0.42349	-0.49906
-0.13184	0.41232	-0.21707
-0.13159	0.38758	0.098273
-0.13135	0.35991	0.43899
-0.1311	0.32308	0.8011
-0.13086	0.27128	1.1807
-0.13062	0.21539	1.5701
-0.13037	0.15237	1.9571
-0.13013	0.083053	2.3346
-0.12988	0.01697	2.6983
-0.12964	-0.055016	3.034
-0.12939	-0.13864	3.3362
-0.12915	-0.22075	3.594
-0.12891	-0.30677	3.8013
-0.12866	-0.39827	3.9562
-0.12842	-0.48553	4.0523
-0.12817	-0.57233	4.0819
-0.12793	-0.66875	4.051
-0.12769	-0.75892	3.9563
-0.12744	-0.84949	3.7979
-0.1272	-0.94241	3.5796
-0.12695	-1.0226	3.303
-0.12671	-1.0956	2.9724
-0.12646	-1.1666	2.5967
-0.12622	-1.228	2.1778
-0.12598	-1.2822	1.725
-0.12573	-1.3258	1.2476
-0.12549	-1.3546	0.75059
-0.12524	-1.3776	0.24267
-0.125	-1.3814	-0.26363
-0.12476	-1.3781	-0.76317
-0.12451	-1.3668	-1.2698
-0.12427	-1.3382	-1.7562
-0.12402	-1.2945	-2.2204
-0.12378	-1.2443	-2.6525
-0.12354	-1.169	-3.0453
-0.12329	-1.0826	-3.4017
-0.12305	-0.99372	-3.7152
-0.1228	-0.89239	-3.9586
-0.12256	-0.76914	-4.1544
-0.12231	-0.64411	-4.2959
-0.12207	-0.5054	-4.3849
-0.12183	-0.35723	-4.424
-0.12158	-0.20859	-4.4079
-0.12134	-0.055751	-4.3409
-0.12109	0.11029	-4.2273
-0.12085	0.27381	-4.0648
-0.12061	0.44526	-3.8591
-0.12036	0.61359	-3.6095
-0.12012	0.78772	-3.32
-0.11987	0.9527	-3.0011
-0.11963	1.1196	-2.65
-0.11938	1.2899	-2.2712
-0.11914	1.4633	-1.8718
-0.1189	1.6174	-1.4521
-0.11865	1.7815	-1.0211
-0.11841	1.9326	-0.58397
-0.11816	2.0701	-0.13925
-0.11792	2.1941	0.30517
-0.11768	2.3168	0.74531
-0.11743	2.4101	1.1754
-0.11719	2.4981	1.5901
-0.11694	2.5677	1.9846
-0.1167	2.6258	2.3543
-0.11646	2.6573	2.698
-0.11621	2.687	3.009
-0.11597	2.6929	3.2813
-0.11572	2.6841	3.5172
-0.11548	2.6448	3.7111
-0.11523	2.6722	3.8857
-0.11499	2.6614	4.0191
-0.11475	2.6403	4.1061
-0.1145	2.594	4.15
-0.11426	2.5342	4.1539
-0.11401	2.4305	4.1116
-0.11377	2.3255	4.0323
-0.11353	2.1205	3.8898
-0.11328	1.8983	3.7097
-0.11304	1.6476	3.5013
-0.11279	1.4083	3.2569
-0.11255	1.137	2.9814
-0.1123	0.87092	2.6905
-0.11206	0.60175	2.3759
-0.11182	0.34628	2.0477
-0.11157	0.076777	1.7098
-0.11133	-0.15941	1.354
-0.11108	-0.39507	1.0006
-0.11084	-0.61796	0.65067
-0.1106	-0.831	0.29808
-0.11035	-0.99684	-0.045055
-0.11011	-1.1659	-0.38118
-0.10986	-1.2994	-0.70468
-0.10962	-1.404	-1.0058
-0.10938	-1.469	-1.294
-0.10913	-1.5269	-1.563
-0.10889	-1.5264	-1.81
-0.10864	-1.5096	-2.0385
-0.1084	-1.4642	-2.2388
-0.10815	-1.3881	-2.4166
-0.10791	-1.2613	-2.5708
-0.10767	-1.1402	-2.6975
-0.10742	-0.97726	-2.7991
-0.10718	-0.78943	-2.8705
-0.10693	-0.58053	-2.9181
-0.10669	-0.37487	-2.9394
-0.10645	-0.1276	-2.9323
-0.1062	0.10937	-2.9049
-0.10596	0.35624	-2.8515
-0.10571	0.59873	-2.7728
-0.10547	0.86098	-2.6847
-0.10522	1.0935	-2.5702
-0.10498	1.3345	-2.4415
-0.10474	1.5594	-2.3018
-0.10449	1.7747	-2.1401
-0.10425	1.9581	-1.9666
-0.104	2.159	-1.78
-0.10376	2.3166	-1.5677
-0.10352	2.4563	-1.3421
-0.10327	2.5731	-1.0939
-0.10303	2.6809	-0.81852
-0.10278	2.7333	-0.52821
-0.10254	2.7815	-0.20815
-0.10229	2.7948	0.13615
-0.10205	2.7785	0.4974
-0.10181	2.7255	0.88567
-0.10156	2.6706	1.2898
-0.10132	2.5633	1.7026
-0.10107	2.4443	2.1332
-0.10083	2.2991	2.5623
-0.10059	2.1419	2.9543
-0.10034	1.9455	3.3398
-0.1001	1.7475	3.7018
-0.099854	1.5177	4.0325
-0.099609	1.2713	4.3272
-0.099365	0.9987	4.5688
-0.099121	0.7195	4.7557
-0.098877	0.39666	4.911
-0.098633	0.066777	4.9977
-0.098389	-0.28674	5.0115
-0.098145	-0.64262	4.9485
-0.0979	-1.0221	4.8107
-0.097656	-1.3957	4.5983
-0.097412	-1.7788	4.3112
-0.097168	-2.1513	3.9555
-0.096924	-2.5294	3.536
-0.09668	-2.8827	3.0569
-0.096436	-3.2325	2.5332
-0.096191	-3.5472	1.9671
-0.095947	-3.8382	1.3734
-0.095703	-4.0911	0.75802
-0.095459	-4.3159	0.13048
-0.095215	-4.4828	-0.49798
-0.094971	-4.6111	-1.1237
-0.094727	-4.6877	-1.7353
-0.094482	-4.72	-2.3271
-0.094238	-4.6913	-2.8986
-0.093994	-4.6175	-3.4419
-0.09375	-4.479	-3.9526
-0.093506	-4.2913	-4.4321
-0.093262	-4.0451	-4.864
-0.093018	-3.7459	-5.2524
-0.092773	-3.3852	-5.5955
-0.092529	-2.9806	-5.8796
-0.092285	-2.5332	-6.1092
-0.092041	-2.0532	-6.278
-0.091797	-1.525	-6.3811
-0.091553	-0.96979	-6.4237
-0.091309	-0.44576	-6.4383
-0.091064	0.10156	-6.3906
-0.09082	0.66961	-6.2914
-0.090576	1.2586	-6.1356
-0.090332	1.8673	-5.9222
-0.090088	2.4721	-5.6635
-0.089844	3.0766	-5.3527
-0.0896	3.733	-4.9621
-0.089355	4.3655	-4.5264
-0.089111	4.9808	-4.0472
-0.088867	5.5693	-3.5295
-0.088623	6.1146	-2.9805
-0.088379	6.6158	-2.4024
-0.088135	7.0674	-1.8037
-0.087891	7.4625	-1.1938
-0.087646	7.7943	-0.57137
-0.087402	8.047	0.054152
-0.087158	8.2177	0.67943
-0.086914	8.3195	1.2965
-0.08667	8.3404	1.9025
-0.086426	8.2784	2.4899
-0.086182	8.1188	3.0596
-0.085938	7.8702	3.6055
-0.085693	7.5273	4.1194
-0.085449	7.0907	4.6017
-0.085205	6.543	5.0412
-0.084961	5.8916	5.4338
-0.084717	5.1379	5.7733
-0.084473	4.2935	6.0508
-0.084229	3.3631	6.2559
-0.083984	2.3536	6.3885
-0.08374	1.2704	6.4394
-0.083496	0.13565	6.4006
-0.083252	-1.0303	6.276
-0.083008	-2.2191	6.0546
-0.082764	-3.4176	5.7423
-0.08252	-4.6065	5.3427
-0.082275	-5.7615	4.857
-0.082031	-6.8599	4.2899
-0.081787	-7.8863	3.6558
-0.081543	-8.8332	2.9607
-0.081299	-9.6791	2.221
-0.081055	-10.401	1.4496
-0.080811	-10.988	0.65033
-0.080566	-11.433	-0.15438
-0.080322	-11.725	-0.95251
-0.080078	-11.861	-1.7303
-0.079834	-11.83	-2.4767
-0.07959	-11.628	-3.1812
-0.079346	-11.263	-3.8325
-0.079102	-10.746	-4.416
-0.078857	-10.085	-4.9243
-0.078613	-9.2878	-5.3548
-0.078369	-8.3655	-5.6955
-0.078125	-7.3401	-5.9434
-0.077881	-6.2259	-6.0909
-0.077637	-5.0397	-6.1373
-0.077393	-3.8009	-6.082
-0.077148	-2.5249	-5.9296
-0.076904	-1.237	-5.6799
-0.07666	0.051692	-5.337
-0.076416	1.3117	-4.912
-0.076172	2.5187	-4.4083
-0.075928	3.6525	-3.8382
-0.075684	4.7016	-3.2092
-0.075439	5.6425	-2.5312
-0.075195	6.4572	-1.8158
-0.074951	7.1245	-1.079
-0.074707	7.6446	-0.33052
-0.074463	8.0136	0.41311
-0.074219	8.2186	1.1389
-0.073975	8.2524	1.8342
-0.07373	8.1223	2.4834
-0.073486	7.8367	3.0748
-0.073242	7.4	3.5957
-0.072998	6.8199	4.0359
-0.072754	6.0971	4.3864
-0.07251	5.2547	4.6395
-0.072266	4.3193	4.7904
-0.072021	3.303	4.8353
-0.071777	2.2211	4.7753
-0.071533	1.0917	4.6089
-0.071289	-0.05455	4.3416
-0.071045	-1.1871	3.9784
-0.070801	-2.2874	3.5257
-0.070557	-3.3425	2.9927
-0.070312	-4.3355	2.3884
-0.070068	-5.2382	1.7249
-0.069824	-6.026	1.0167
-0.06958	-6.6962	0.2787
-0.069336	-7.2396	-0.47408
-0.069092	-7.6434	-1.2231
-0.068848	-7.8987	-1.955
-0.068604	-7.9995	-2.6512
-0.068359	-7.9519	-3.2969
-0.068115	-7.7712	-3.8771
-0.067871	-7.4503	-4.3767
-0.067627	-6.9936	-4.7856
-0.067383	-6.4412	-5.142
-0.067139	-5.7885	-5.3917
-0.066895	-5.0465	-5.5258
-0.06665	-4.2328	-5.5429
-0.066406	-3.3608	-5.4394
-0.066162	-2.4603	-5.2201
-0.065918	-1.5541	-4.888
-0.065674	-0.63453	-4.401
-0.06543	0.25903	-3.8116
-0.065186	1.0984	-3.1345
-0.064941	1.8686	-2.3798
-0.064697	2.5535	-1.5648
-0.064453	3.1494	-0.70499
-0.064209	3.6403	0.18066
-0.063965	4.0136	1.0694
-0.063721	4.2652	1.9394
-0.063477	4.4036	2.7696
-0.063232	4.4339	3.5371
-0.062988	4.3513	4.2226
-0.062744	4.153	4.8111
-0.0625	3.8516	5.2887
-0.062256	3.4709	5.6479
-0.062012	3.022	5.8797
-0.061768	2.4979	5.9818
-0.061523	1.9087	5.9518
-0.061279	1.288	5.7907
-0.061035	0.65284	5.4981
-0.060791	0.016628	5.0794
-0.060547	-0.62707	4.5422
-0.060303	-1.2608	3.897
-0.060059	-1.8425	3.159
-0.059814	-2.3778	2.3485
-0.05957	-2.8625	1.4878
-0.059326	-3.2945	0.60446
-0.059082	-3.6579	-0.27552
-0.058838	-3.9249	-1.1265
-0.058594	-4.12	-1.9255
-0.05835	-4.2547	-2.6502
-0.058105	-4.312	-3.2872
-0.057861	-4.3055	-3.8243
-0.057617	-4.2237	-4.2546
-0.057373	-4.107	-4.5772
-0.057129	-3.9632	-4.7892
-0.056885	-3.78	-4.8869
-0.056641	-3.5677	-4.8722
-0.056396	-3.3274	-4.7457
-0.056152	-3.0859	-4.5072
-0.055908	-2.8376	-4.1605
-0.055664	-2.5621	-3.7054
-0.05542	-2.2803	-3.1477
-0.055176	-1.9875	-2.4952
-0.054932	-1.6985	-1.7576
-0.054688	-1.4063	-0.94338
-0.054443	-1.0598	-0.065491
-0.054199	-0.70809	0.86076
-0.053955	-0.3354	1.8193
-0.053711	0.058382	2.7856
-0.053467	0.47305	3.7327
-0.053223	0.94779	4.6273
-0.052979	1.4177	5.4343
-0.052734	1.7999	6.0892
-0.05249	2.1795	6.5823
-0.052246	2.5145	6.8782
-0.052002	2.8239	6.9596
-0.051758	3.0376	6.8105
-0.051514	3.1323	6.4301
-0.05127	3.1445	5.8235
-0.051025	3.0909	5.0316
-0.050781	2.9214	4.0534
-0.050537	2.6022	2.921
-0.050293	2.1324	1.6704
-0.050049	1.5912	0.34586
-0.049805	0.93833	-0.99726
-0.049561	0.21389	-2.2997
-0.049316	-0.56266	-3.4965
-0.049072	-1.3668	-4.5305
-0.048828	-2.0923	-5.3465
-0.048584	-2.7768	-5.9105
-0.04834	-3.3803	-6.2
-0.048096	-3.8432	-6.2194
-0.047852	-4.1707	-5.9854
-0.047607	-4.2719	-5.5317
-0.047363	-4.2162	-4.8928
-0.047119	-4.0059	-4.1091
-0.046875	-3.584	-3.2089
-0.046631	-3.0374	-2.2161
-0.046387	-2.3317	-1.1463
-0.046143	-1.5436	-0.015878
-0.045898	-0.74443	1.1492
-0.045654	0.12437	2.3153
-0.04541	0.9345	3.4307
-0.045166	1.671	4.4371
-0.044922	2.3058	5.2678
-0.044678	2.7426	5.8652
-0.044434	3.0605	6.1836
-0.044189	3.1694	6.2171
-0.043945	3.0521	5.9828
-0.043701	2.7715	5.5348
-0.043457	2.2757	4.9416
-0.043213	1.6762	4.2791
-0.042969	0.97213	3.6125
-0.042725	0.15074	2.988
-0.04248	-0.64817	2.4194
-0.042236	-1.4395	1.8961
-0.041992	-2.1274	1.3896
-0.041748	-2.6819	0.86255
-0.041504	-3.1368	0.2969
-0.04126	-3.3583	-0.30683
-0.041016	-3.3832	-0.91544
-0.040771	-3.2068	-1.4752
-0.040527	-2.825	-1.9217
-0.040283	-2.3286	-2.2026
-0.040039	-1.6404	-2.2847
-0.039795	-0.82714	-2.1781
-0.039551	0.010906	-1.9253
-0.039307	0.88872	-1.6057
-0.039062	1.6846	-1.3143
-0.038818	2.4573	-1.1367
-0.038574	3.1349	-1.127
-0.03833	3.6051	-1.2925
-0.038086	3.9213	-1.5923
-0.037842	4.029	-1.9489
-0.037598	3.962	-2.2667
-0.037354	3.7507	-2.4517
-0.037109	3.2829	-2.4431
-0.036865	2.7187	-2.2182
-0.036621	2.0637	-1.8087
-0.036377	1.3426	-1.2777
-0.036133	0.64072	-0.71488
-0.035889	-0.099307	-0.19937
-0.035645	-0.75153	0.20601
-0.0354	-1.2383	0.48749
-0.035156	-1.6432	0.6604
-0.034912	-1.866	0.78047
-0.034668	-1.9665	0.90703
-0.034424	-1.9015	1.0991
-0.03418	-1.6311	1.3855
-0.033936	-1.2905	1.7655
-0.033691	-0.87029	2.1992
-0.033447	-0.37019	2.6216
-0.033203	0.14322	2.9594
-0.032959	0.70578	3.1456
-0.032715	1.1739	3.144
-0.032471	1.5556	2.9443
-0.032227	1.8782	2.5783
-0.031982	2.1084	2.0955
-0.031738	2.2379	1.5655
-0.031494	2.2234	1.0448
-0.03125	2.0818	0.57984
-0.031006	1.8955	0.1847
-0.030762	1.6166	-0.14154
-0.030518	1.2714	-0.42584
-0.030273	0.8397	-0.69967
-0.030029	0.40401	-0.99017
-0.029785	0.023609	-1.3122
-0.029541	-0.34867	-1.6546
-0.029297	-0.69063	-1.9958
-0.029053	-0.96202	-2.2945
-0.028809	-1.0717	-2.4823
-0.028564	-1.0333	-2.5506
-0.02832	-0.95723	-2.4876
-0.028076	-0.82449	-2.2892
-0.027832	-0.59558	-1.9795
-0.027588	-0.31197	-1.5867
-0.027344	0.025745	-1.1544
-0.0271	0.26797	-0.75469
-0.026855	0.47857	-0.39309
-0.026611	0.72842	-0.088816
-0.026367	0.94628	0.15129
-0.026123	1.1012	0.32762
-0.025879	1.1891	0.44993
-0.025635	1.2036	0.52394
-0.025391	1.2229	0.5661
-0.025146	1.1757	0.5821
-0.024902	1.041	0.58103
-0.024658	0.85501	0.55605
-0.024414	0.66104	0.50508
-0.02417	0.47503	0.419
-0.023926	0.28116	0.29876
-0.023682	0.051939	0.14402
-0.023438	-0.11389	-0.035496
-0.023193	-0.22918	-0.22645
-0.022949	-0.26935	-0.40923
-0.022705	-0.31407	-0.56371
-0.022461	-0.31548	-0.67189
-0.022217	-0.26054	-0.71637
-0.021973	-0.12001	-0.69228
-0.021729	0.0053876	-0.60107
-0.021484	0.1496	-0.45798
-0.02124	0.26794	-0.28055
-0.020996	0.45977	-0.090706
-0.020752	0.61149	0.092444
-0.020508	0.74128	0.25152
-0.020264	0.78288	0.37877
-0.02002	0.84272	0.4692
-0.019775	0.83769	0.52616
-0.019531	0.80922	0.55555
-0.019287	0.65481	0.56233
-0.019043	0.51882	0.55392
-0.018799	0.33407	0.5316
-0.018555	0.19487	0.49325
-0.018311	-0.024363	0.43452
-0.018066	-0.19024	0.35383
-0.017822	-0.36643	0.24867
-0.017578	-0.42632	0.1217
-0.017334	-0.52953	-0.021404
-0.01709	-0.53822	-0.16873
-0.016846	-0.5655	-0.30665
-0.016602	-0.45314	-0.42185
-0.016357	-0.37819	-0.50451
-0.016113	-0.21805	-0.5497
-0.015869	-0.1212	-0.55522
-0.015625	0.10909	-0.52791
-0.015381	0.27212	-0.47478
-0.015137	0.49457	-0.40993
-0.014893	0.58869	-0.34452
-0.014648	0.75376	-0.2892
-0.014404	0.81348	-0.2478
-0.01416	0.91861	-0.22283
-0.013916	0.855	-0.21148
-0.013672	0.83482	-0.2109
-0.013428	0.70082	-0.21459
-0.013184	0.64009	-0.21963
-0.012939	0.44026	-0.22642
-0.012695	0.30113	-0.23412
-0.012451	0.082605	-0.24354
-0.012207	-0.016187	-0.25684
-0.011963	-0.20219	-0.27429
-0.011719	-0.30107	-0.29315
-0.011475	-0.47219	-0.31024
-0.01123	-0.47397	-0.31922
-0.010986	-0.51329	-0.3147
-0.010742	-0.44806	-0.2904
-0.010498	-0.47945	-0.24307
-0.010254	-0.37083	-0.17623
-0.01001	-0.29524	-0.09227
-0.0097656	-0.094751	0.0014396
-0.0095215	-0.024524	0.095668
-0.0092773	0.13444	0.18392
-0.0090332	0.20518	0.26236
-0.0087891	0.40094	0.32589
-0.0085449	0.4573	0.37316
-0.0083008	0.55427	0.40154
-0.0080566	0.52452	0.4136
-0.0078125	0.61077	0.41185
-0.0075684	0.57608	0.39665
-0.0073242	0.59377	0.36911
-0.0070801	0.4562	0.32982
-0.0068359	0.42388	0.27516
-0.0065918	0.32447	0.20571
-0.0063477	0.31263	0.12491
-0.0061035	0.15541	0.034522
-0.0058594	0.076949	-0.062696
-0.0056152	-0.050466	-0.16171
-0.0053711	-0.035208	-0.25712
-0.005127	-0.11646	-0.34422
-0.0048828	-0.1136	-0.37121
-0.0046387	-0.20821	-0.37863
-0.0043945	-0.1654	-0.3658
-0.0041504	-0.17547	-0.33373
-0.0039062	-0.10364	-0.28623
-0.0036621	-0.14329	-0.22493
-0.003418	-0.062342	-0.15314
-0.0031738	-0.070573	-0.12284
-0.0029297	0.031709	-0.092838
-0.0026855	0.0076506	-0.062288
-0.0024414	0.073576	-0.034423
-0.0021973	0.062572	-0.011214
-0.0019531	0.18995	0.0082526
-0.001709	0.18589	0.023161
-0.0014648	0.24667	0.033338
-0.0012207	0.18192	0.03977
-0.00097656	0.25457	0.043947
-0.00073242	0.225	0.045045
-0.00048828	0.28275	0.045035
-0.00024414	0.17908	0.043092
0	0.17974	0.040744
0.00024414	0.10331	0.037837
0.00048828	0.15542	0.034738
0.00073242	0.071802	0.031755
0.00097656	0.07182	0.028449
0.0012207	-0.046465	0.023336
0.0014648	-0.032702	0.017517
0.001709	-0.10109	0.012998
0.0019531	-0.053013	0.0065163
0.0021973	-0.10899	-0.00037311
0.0024414	-0.03793	-0.0063139
0.0026855	-0.068837	-0.01166
0.0029297	0.0029252	-0.019831
0.0031738	-0.045317	-0.027742
0.003418	0.025829	-0.03455
0.0036621	0.011144	-0.040981
0.0039062	0.12933	-0.048216
0.0041504	0.11366	-0.05476
0.0043945	0.17861	-0.057312
0.0046387	0.10488	-0.060751
0.0048828	0.16163	-0.062121
0.005127	0.10313	-0.061952
0.0053711	0.14214	-0.054854
0.0056152	0.032576	-0.049324
0.0058594	0.039624	-0.041287
0.0061035	-0.043241	-0.030761
0.0063477	0.016283	-0.017306
0.0065918	-0.067099	-0.0076908
0.0068359	-0.072024	0.002955
0.0070801	-0.19901	0.014307
0.0073242	-0.18167	0.022461
0.0075684	-0.23776	0.028408
0.0078125	-0.16665	0.029244
0.0080566	-0.20091	0.033699
0.0083008	-0.1258	0.03078
0.0085449	-0.14749	0.027774
0.0087891	-0.083582	0.021752
0.0090332	-0.13982	0.020972
0.0092773	-0.087071	0.010681
0.0095215	-0.089576	0.0034091
0.0097656	0.020113	-0.0032133
0.01001	0.016298	-0.0075425
0.010254	0.055445	-0.01396
0.010498	-0.014826	-0.018849
0.010742	0.023709	-0.019306
0.010986	-0.012668	-0.02105
0.01123	0.0069394	-0.018877
0.011475	-0.078514	-0.020893
0.011719	-0.069227	-0.012457
0.011963	-0.11118	-0.011493
0.012207	-0.063555	-0.0067989
0.012451	-0.13378	-0.0064517
0.012695	-0.1653	0.0023002
0.012939	-0.25426	5.1241e-05
0.013184	-0.22988	0.0029168
0.013428	-0.25534	0.0046095
0.013672	-0.21727	0.0060023
0.013916	-0.24921	0.0051186
0.01416	-0.20348	0.0042612
0.014404	-0.21525	0.0054596
0.014648	-0.18877	0.0021195
0.014893	-0.24107	0.0048192
0.015137	-0.21723	-0.0010588
0.015381	-0.19382	0.0044556
0.015625	-0.11241	0.00077431
0.015869	-0.11242	0.003088
0.016113	-0.10257	0.00026587
0.016357	-0.13204	0.0092867
0.016602	-0.083052	0.0061285
0.016846	-0.065803	0.010568
0.01709	-0.047463	0.014581
0.017334	-0.080171	0.017199
0.017578	-0.059249	0.019264
0.017822	-0.045981	0.021456
0.018066	-0.011609	0.024615
0.018311	-0.047872	0.021113
0.018555	-0.070857	0.026806
0.018799	-0.093443	0.018652
0.019043	-0.063072	0.0243
0.019287	-0.070324	0.019609
0.019531	-0.077854	0.02203
0.019775	-0.11041	0.015939
0.02002	-0.090538	0.024676
0.020264	-0.085091	0.017011
0.020508	-0.077593	0.019813
0.020752	-0.10714	0.021075
0.020996	-0.097593	0.019595
0.02124	-0.076927	0.019372
0.021484	-0.039731	0.020431
0.021729	-0.063531	0.021309
0.021973	-0.080583	0.016401
0.022217	-0.091487	0.02533
0.022461	-0.051866	0.014488
0.022705	-0.036581	0.022002
0.022949	-0.035209	0.017254
0.023193	-0.06912	0.021232
0.023438	-0.057953	0.012763
0.023682	-0.051233	0.022564
0.023926	-0.031864	0.011294
0.02417	-0.059003	0.015552
0.024414	-0.054791	0.015544
0.024658	-0.056902	0.011126
0.024902	-0.022661	0.010599
0.025146	-0.040701	0.011116
0.025391	-0.048647	0.010879
0.025635	-0.076366	0.0035345
0.025879	-0.041982	0.014713
0.026123	-0.03921	-0.00058348
0.026367	-0.018351	0.0094111
0.026611	-0.046588	0.0013483
0.026855	-0.028251	0.007068
0.0271	-0.02903	-0.0031749
0.027344	-0.0031413	0.0091534
0.027588	-0.031684	-0.0044956
0.027832	-0.026614	0.0025466
0.028076	-0.032939	0.0029222
0.02832	0.0056328	-0.0028
0.028564	0.001394	-0.00056056
0.028809	0.00095945	-0.0015675
0.029053	-0.028736	0.00025829
0.029297	-0.017694	-0.0092877
0.029541	-0.019551	0.0057056
0.029785	-0.0060725	-0.013867
0.030029	-0.019802	0.0016208
0.030273	-0.013233	-0.010783
0.030518	-0.013988	-0.0027572
0.030762	-0.0052593	-0.014354
0.031006	-0.019553	-0.00034967
0.03125	-0.025783	-0.0151
0.031494	-0.030528	-0.0074217
0.031738	-0.015316	-0.0065876
0.031982	-0.0069347	-0.013851
0.032227	-0.0052365	-0.0071316
0.032471	-0.011121	-0.012643
0.032715	-0.01062	-0.0066619
0.032959	-0.0035612	-0.018942
0.033203	-0.0001123	-0.00074007
0.033447	-0.0012164	-0.023474
0.033691	-0.002218	-0.0024755
0.033936	0.0072633	-0.017148
0.03418	0.013236	-0.0078664
0.034424	0.016361	-0.018945
0.034668	0.006654	-0.0052628
0.034912	0.0045092	-0.01625
0.035156	0.0027466	-0.011606
0.0354	0.010251	-0.008793
0.035645	0.0092061	-0.017741
0.035889	0.012603	-0.0043585
0.036133	0.0062206	-0.016783
0.036377	0.0061493	-0.0057929
0.036621	0.00038552	-0.019243
0.036865	0.0017942	0.0019649
0.037109	-0.0039218	-0.022832
0.037354	0.00015035	-0.0017922
0.037598	0.0031728	-0.014614
0.037842	0.01087	-0.0036963
0.038086	0.009967	-0.013665
0.03833	0.011112	-0.006345
0.038574	0.013589	-0.0084559
0.038818	0.018239	-0.0070174
0.039062	0.020671	-0.0023984
0.039307	0.017645	-0.016863
0.039551	0.022312	0.0036543
0.039795	0.025842	-0.010445
0.040039	0.031306	0.0027313
0.040283	0.027864	-0.016258
0.040527	0.033116	0.0083205
0.040771	0.029514	-0.0099153
0.041016	0.033482	0.0054426
0.04126	0.030402	-0.0099848
0.041504	0.033531	0.002386
0.041748	0.02812	0.0006591
0.041992	0.028097	0.00017199
0.042236	0.024946	-0.0022524
0.04248	0.031714	-0.0030217
0.042725	0.030601	0.011722
0.042969	0.029382	-0.0061025
0.043213	0.028873	0.007019
0.043457	0.031663	-0.0057368
0.043701	0.027283	0.016678
0.043945	0.023542	-0.0038804
0.044189	0.020301	0.009917
0.044434	0.023264	-0.0036279
0.044678	0.0224	0.015452
0.044922	0.02378	0.0029898
0.045166	0.028213	0.0039642
0.04541	0.03326	0.0034746
0.045654	0.031981	0.0093325
0.045898	0.030799	0.010002
0.046143	0.033276	-0.0023094
0.046387	0.030604	0.012244
0.046631	0.025398	0.0051198
0.046875	0.020567	0.016072
0.047119	0.027886	-0.0045096
0.047363	0.028153	0.013401
0.047607	0.030062	0.0046443
0.047852	0.027586	0.016921
0.048096	0.03698	-0.0040147
0.04834	0.032871	0.0079975
0.048584	0.028542	0.0085498
0.048828	0.023359	0.01155
0.049072	0.026711	0.00070212
0.049316	0.020932	0.0022011
0.049561	0.017152	0.012403
0.049805	0.019871	0.0059326
0.050049	0.026447	0.0069646
0.050293	0.025829	-0.0027098
0.050537	0.020538	0.014955
0.050781	0.023526	0.0050768
0.051025	0.023962	0.0080144
0.05127	0.017669	-0.0040386
0.051514	0.0097025	0.015023
0.051758	0.013345	0.0059945
0.052002	0.01851	0.006012
0.052246	0.015644	-0.00048374
0.05249	0.016406	0.0097201
0.052734	0.022128	0.0085708
0.052979	0.024863	0.002549
0.053223	0.017015	0.00067766
0.053467	0.012041	0.0037346
0.053711	0.012442	0.011576
0.053955	0.01064	-0.0018931
0.054199	0.0025647	0.002156
0.054443	0.0039171	0.0028681
0.054688	0.015313	0.013298
0.054932	0.014394	0.00040804
0.055176	0.012035	0.0051795
0.05542	0.011286	0.0038571
0.055664	0.016273	0.013805
0.055908	0.0064249	0.0050264
0.056152	-0.0018506	0.0026714
0.056396	-0.0070535	0.0043968
0.056641	-0.00030185	0.010475
0.056885	-0.0042119	0.0053027
0.057129	-0.0069519	-0.00036421
0.057373	-4.6742e-05	0.0057391
0.057617	0.0096659	0.0072606
0.057861	0.0044076	0.0081528
0.058105	-0.0025444	0.00081144
0.05835	0.00061165	0.0067837
0.058594	-0.0016845	0.0086656
0.058838	-0.0099867	0.010789
0.059082	-0.014632	0.0012508
0.059326	-0.0093266	0.0061219
0.05957	-0.0037112	0.0090329
0.059814	-0.004018	0.0090674
0.060059	-0.0046622	0.002201
0.060303	0.0025229	0.004177
0.060547	0.0065199	0.0091412
0.060791	-0.0048849	0.010527
0.061035	-0.010264	0.0057551
0.061279	-0.0053821	0.0046262
0.061523	-0.0083	0.01218
0.061768	-0.016875	0.01271
0.062012	-0.013199	0.0073051
0.062256	-0.0052018	0.0046629
0.0625	-0.0067886	0.010667
0.062744	-0.0071376	0.010863
0.062988	-0.0088318	0.0059697
0.063232	-0.0062764	0.0027434
0.063477	-0.0098019	0.0084669
0.063721	-0.016425	0.011286
0.063965	-0.022737	0.0062997
0.064209	-0.012704	0.0036681
0.064453	-0.014041	0.010317
0.064697	-0.021691	0.013426
0.064941	-0.014206	0.0080285
0.065186	-0.0038053	0.0043297
0.06543	-0.012803	0.01013
0.065674	-0.0176	0.013142
0.065918	-0.010547	0.0084699
0.066162	-0.015919	0.0029738
0.066406	-0.021514	0.0090011
0.06665	-0.02016	0.012104
0.066895	-0.019413	0.0079604
0.067139	-0.016261	0.0030168
0.067383	-0.010664	0.007406
0.067627	-0.014688	0.010442
0.067871	-0.013467	0.0065165
0.068115	-0.0035048	0.0016021
0.068359	-0.013152	0.0053831
0.068604	-0.023779	0.0095983
0.068848	-0.014654	0.0051317
0.069092	-0.01347	0.0023568
0.069336	-0.0286	0.0058976
0.06958	-0.020597	0.01152
0.069824	-0.0090471	0.0077652
0.070068	-0.017434	0.0054742
0.070312	-0.016939	0.0079698
0.070557	-0.0077785	0.012451
0.070801	-0.015589	0.0082767
0.071045	-0.019576	0.0045852
0.071289	-0.01442	0.0056042
0.071533	-0.026278	0.0078579
0.071777	-0.027067	0.0041176
0.072021	-0.015207	0.00055999
0.072266	-0.026327	0.0027202
0.07251	-0.030816	0.0052341
0.072754	-0.011073	0.0037525
0.072998	-0.01776	0.0013684
0.073242	-0.033906	0.0051921
0.073486	-0.016563	0.0076388
0.07373	-0.016898	0.0067151
0.073975	-0.036456	0.0037349
0.074219	-0.025286	0.006374
0.074463	-0.016318	0.0071853
0.074707	-0.0341	0.0055359
0.074951	-0.024597	0.0022124
0.075195	-0.013099	0.0036113
0.075439	-0.031306	0.0041535
0.075684	-0.026125	0.0027576
0.075928	-0.012427	0.00090018
0.076172	-0.034879	0.0023645
0.076416	-0.03497	0.0034359
0.07666	-0.013463	0.0018544
0.076904	-0.033814	0.0010792
0.077148	-0.039797	0.0020933
0.077393	-0.01225	0.0031813
0.077637	-0.026688	0.0010299
0.077881	-0.041218	0.00045373
0.078125	-0.014638	0.00078205
0.078369	-0.02313	0.0019234
0.078613	-0.044002	-0.00012142
0.078857	-0.019117	-0.00033096
0.079102	-0.020966	0.00037539
0.079346	-0.042355	0.0016316
0.07959	-0.018648	0.00014925
0.079834	-0.012159	8.1109e-05
0.080078	-0.037619	0.00079379
0.080322	-0.018	0.0008863
0.080566	-0.0057285	-0.00058479
0.080811	-0.034714	-0.0017807
0.081055	-0.022992	-0.0014218
0.081299	-0.0043652	-0.0019877
0.081543	-0.031484	-0.0029197
0.081787	-0.026138	-0.0037917
0.082031	-0.001308	-0.0020554
0.082275	-0.024816	-0.0019048
0.08252	-0.025156	-0.0018239
0.082764	0.0023521	-0.0020628
0.083008	-0.017635	-0.00041523
0.083252	-0.024371	-0.00062225
0.083496	0.0042204	-0.0011133
0.08374	-0.010747	-0.0021257
0.083984	-0.023221	-0.0021144
0.084229	0.0063262	-0.0026182
0.084473	-0.0025267	-0.0040375
0.084717	-0.018693	-0.0050045
0.084961	0.0068643	-0.0051658
0.085205	0.0052749	-0.005118
0.085449	-0.014632	-0.0058805
0.085693	0.0067388	-0.0052471
0.085938	0.0095922	-0.0049389
0.086182	-0.010401	-0.003975
0.086426	0.0061038	-0.0043346
0.08667	0.01374	-0.0040361
0.086914	-0.0066185	-0.0042406
0.087158	0.0066088	-0.0040525
0.087402	0.018167	-0.0050504
0.087646	-0.0022003	-0.0049017
0.087891	0.0060623	-0.0049084
0.088135	0.022582	-0.0049468
0.088379	0.0043531	-0.0052766
0.088623	0.0078813	-0.0055979
0.088867	0.026229	-0.0063637
0.089111	0.01229	-0.007131
0.089355	0.012099	-0.0079234
0.0896	0.030232	-0.0085562
0.089844	0.019302	-0.0081521
0.090088	0.016396	-0.0081123
0.090332	0.032952	-0.007822
0.090576	0.023156	-0.0071639
0.09082	0.018298	-0.0065375
0.091064	0.033894	-0.0065853
0.091309	0.025956	-0.0058358
0.091553	0.017271	-0.0054744
0.091797	0.032134	-0.0048918
0.092041	0.027761	-0.0044257
0.092285	0.017955	-0.0044355
0.092529	0.030665	-0.0049536
0.092773	0.030257	-0.0054417
0.093018	0.020987	-0.0069999
0.093262	0.031095	-0.0078931
0.093506	0.033384	-0.0079296
0.09375	0.024644	-0.0077839
0.093994	0.033339	-0.0073116
0.094238	0.034903	-0.0061361
0.094482	0.026666	-0.0056485
0.094727	0.032907	-0.0051829
0.094971	0.036191	-0.0053483
0.095215	0.025836	-0.0060344
0.095459	0.030104	-0.0060733
0.095703	0.034043	-0.0053586
0.095947	0.024519	-0.0050862
0.096191	0.026062	-0.0042592
0.096436	0.031699	-0.0036071
0.09668	0.024935	-0.004122
0.096924	0.025198	-0.0045403
0.097168	0.03252	-0.0048799
0.097412	0.027746	-0.0052695
0.097656	0.02889	-0.0047468
0.0979	0.033921	-0.004002
0.098145	0.030445	-0.0041383
0.098389	0.029148	-0.0037236
0.098633	0.034176	-0.0039602
0.098877	0.028204	-0.0052222
0.099121	0.025983	-0.0055535
0.099365	0.02951	-0.0052127
0.099609	0.025198	-0.0047252
0.099854	0.021072	-0.003312
0.1001	0.025284	-0.0017302
0.10034	0.024633	-0.0018754
0.10059	0.022153	-0.00087565
0.10083	0.026505	-0.0011674
0.10107	0.026954	-0.001615
0.10132	0.027515	-0.0014055
0.10156	0.029243	-0.00023837
0.10181	0.029207	-0.00040783
0.10205	0.026076	0.00081738
0.10229	0.025314	0.00099841
0.10254	0.019558	0.00012649
0.10278	0.013299	-0.0005461
0.10303	0.0071917	-0.0010777
0.10327	0.00035698	-0.0015392
0.10352	-0.008796	-0.00033088
0.10376	-0.015775	0.0019805
0.104	-0.02168	0.0025257
0.10425	-0.028106	0.003398
0.10449	-0.032587	0.003061
0.10474	-0.036308	0.0012901
0.10498	-0.036706	0.00044226
0.10522	-0.038671	0.0012166
0.10547	-0.038499	0.0017772
0.10571	-0.036784	0.0036982
0.10596	-0.032882	0.0056704
0.1062	-0.032114	0.0048846
0.10645	-0.027755	0.0041576
0.10669	-0.024443	0.0033878
0.10693	-0.021737	0.0016245
0.10718	-0.018978	0.0015657
0.10742	-0.016319	0.0028599
0.10767	-0.015367	0.0031062
0.10791	-0.013365	0.0043534
0.10815	-0.012095	0.0057613
0.1084	-0.014701	0.0045733
0.10864	-0.015055	0.0039635
0.10889	-0.017875	0.004096
0.10913	-0.024109	0.0029233
0.10938	-0.031595	0.003086
0.10962	-0.037769	0.0045622
0.10986	-0.049626	0.004772
0.11011	-0.060679	0.0051107
0.11035	-0.070907	0.0062176
0.1106	-0.082435	0.0044612
0.11084	-0.094179	0.0037079
0.11108	-0.10238	0.005016
0.11133	-0.11065	0.0050548
0.11157	-0.11588	0.0052775
0.11182	-0.11634	0.0069512
0.11206	-0.11477	0.005669
0.1123	-0.10872	0.0038423
0.11255	-0.096866	0.0034749
0.11279	-0.083193	0.0024485
0.11304	-0.067652	0.00258
0.11328	-0.047408	0.0057166
0.11353	-0.029086	0.0068278
0.11377	-0.011836	0.0062874
0.11401	0.0049446	0.0062452
0.11426	0.019355	0.0045772
0.1145	0.027338	0.0015006
0.11475	0.034176	0.0010104
0.11499	0.03373	0.0020431
0.11523	0.029487	0.0018847
0.11548	0.020752	0.0044101
0.11572	0.0054961	0.0055672
0.11597	-0.012313	0.0040829
0.11621	-0.032111	0.0031499
0.11646	-0.05425	0.0033145
0.1167	-0.076649	-0.00022228
0.11694	-0.095662	-0.0015804
0.11719	-0.1158	0.00049037
0.11743	-0.13061	-0.0007675
0.11768	-0.1425	-2.3283e-05
0.11792	-0.15024	0.0020035
0.11816	-0.15264	0.00084238
0.11841	-0.14882	-0.0014205
0.11865	-0.13898	-0.00018919
0.1189	-0.12289	-0.0041411
0.11914	-0.098528	-0.0061028
0.11938	-0.07159	-0.0029438
0.11963	-0.037224	-0.0040634
0.11987	-0.0010487	-0.0052675
0.12012	0.036381	-0.0030881
0.12036	0.072901	-0.0035432
0.12061	0.10826	-0.0071612
0.12085	0.13894	-0.0042249
0.12109	0.16262	-0.0050422
0.12134	0.18148	-0.0075136
0.12158	0.18951	-0.0054535
0.12183	0.1888	-0.0074828
0.12207	0.17817	-0.011479
0.12231	0.15833	-0.0098179
0.12256	0.12966	-0.0078726
0.1228	0.094373	-0.011256
0.12305	0.055915	-0.0075368
0.12329	0.012602	-0.0066648
0.12354	-0.027697	-0.011158
0.12378	-0.068625	-0.011341
0.12402	-0.11487	-0.010452
0.12427	-0.15717	-0.012599
0.12451	-0.19307	-0.011306
0.12476	-0.22278	-0.0078856
0.125	-0.24327	-0.012006
0.12524	-0.25174	-0.010631
0.12549	-0.25412	-0.0088701
0.12573	-0.23204	-0.013344
0.12598	-0.20131	-0.014972
0.12622	-0.15837	-0.014651
0.12646	-0.10828	-0.018243
0.12671	-0.050563	-0.021029
0.12695	0.01169	-0.015434
0.1272	0.077113	-0.015571
0.12744	0.14599	-0.012639
0.12769	0.21045	-0.0087012
0.12793	0.27282	-0.011173
0.12817	0.32648	-0.014049
0.12842	0.37307	-0.014311
0.12866	0.40678	-0.016473
0.12891	0.42779	-0.020539
0.12915	0.43463	-0.01673
0.12939	0.42485	-0.019194
0.12964	0.40242	-0.020118
0.12988	0.36315	-0.018238
0.13013	0.31015	-0.015125
0.13037	0.24376	-0.013924
0.13062	0.16638	-0.010972
0.13086	0.080107	-0.0065332
0.1311	-0.013242	-0.010215
0.13135	-0.10561	-0.0065625
0.13159	-0.19794	-0.0069628
0.13184	-0.28167	-0.0080818
0.13208	-0.35742	-0.0088526
0.13232	-0.41686	-0.009153
0.13257	-0.46199	-0.015831
0.13281	-0.48706	-0.019886
0.13306	-0.49351	-0.018082
0.1333	-0.48124	-0.021465
0.13354	-0.44369	-0.016097
0.13379	-0.38735	-0.012354
0.13403	-0.31023	-0.0054337
0.13428	-0.2169	-0.0023141
0.13452	-0.10723	0.006077
0.13477	0.012844	0.0091035
0.13501	0.13935	0.0090499
0.13525	0.26481	0.011321
0.1355	0.38123	0.002798
0.13574	0.48912	-0.0037612
0.13599	0.57644	-0.01129
0.13623	0.64071	-0.013255
0.13647	0.6732	-0.020222
0.13672	0.67533	-0.016081
0.13696	0.64346	-0.013925
0.13721	0.57856	-0.010748
0.13745	0.48323	-0.0010287
0.1377	0.35829	0.0065095
0.13794	0.2182	0.016315
0.13818	0.064726	0.021962
0.13843	-0.091922	0.029583
0.13867	-0.24498	0.022755
0.13892	-0.38813	0.021687
0.13916	-0.51007	0.013117
0.1394	-0.60905	0.0019338
0.13965	-0.67754	-0.0075494
0.13989	-0.71584	-0.017119
0.14014	-0.71607	-0.022913
0.14038	-0.67999	-0.027245
0.14062	-0.60663	-0.018472
0.14087	-0.50075	-0.011476
0.14111	-0.36602	0.0058373
0.14136	-0.20489	0.020494
0.1416	-0.02926	0.03446
0.14185	0.15428	0.041167
0.14209	0.3326	0.046109
0.14233	0.50189	0.043271
0.14258	0.65003	0.028847
0.14282	0.76843	0.018343
0.14307	0.84831	-0.0041066
0.14331	0.88477	-0.021367
0.14355	0.87932	-0.035162
0.1438	0.82813	-0.0406
0.14404	0.73493	-0.040703
0.14429	0.60151	-0.028254
0.14453	0.44097	-0.011958
0.14478	0.25732	0.0060317
0.14502	0.065279	0.030986
0.14526	-0.12939	0.047111
0.14551	-0.31767	0.061452
0.14575	-0.48509	0.062974
0.146	-0.62839	0.058369
0.14624	-0.735	0.039911
0.14648	-0.8055	0.017115
0.14673	-0.83045	-0.0077018
0.14697	-0.81351	-0.032941
0.14722	-0.74748	-0.050519
0.14746	-0.64163	-0.059869
0.14771	-0.49758	-0.057
0.14795	-0.3295	-0.047028
0.14819	-0.13172	-0.020484
0.14844	0.077643	0.0053394
0.14868	0.28762	0.035017
0.14893	0.4973	0.061471
0.14917	0.67677	0.076027
0.14941	0.84018	0.080771
0.14966	0.96785	0.073267
0.1499	1.0427	0.053605
0.15015	1.0789	0.025156
0.15039	1.0538	-0.0037115
0.15063	0.98353	-0.035485
0.15088	0.87182	-0.057162
0.15112	0.70856	-0.069397
0.15137	0.51979	-0.068609
0.15161	0.30457	-0.053123
0.15186	0.080407	-0.028902
0.1521	-0.14369	0.0040458
0.15234	-0.36383	0.037059
0.15259	-0.55728	0.06693
0.15283	-0.72602	0.087203
0.15308	-0.84517	0.095786
0.15332	-0.93279	0.088147
0.15356	-0.97415	0.07092
0.15381	-0.95606	0.040922
0.15405	-0.89956	0.0056179
0.1543	-0.79482	-0.025866
0.15454	-0.65685	-0.05514
0.15479	-0.48964	-0.070111
0.15503	-0.28517	-0.071622
0.15527	-0.06926	-0.060451
0.15552	0.15277	-0.035112
0.15576	0.36206	-0.0010167
0.15601	0.57444	0.033995
0.15625	0.76038	0.068938
0.15649	0.90563	0.09367
0.15674	1.0172	0.10555
0.15698	1.0661	0.10377
0.15723	1.0806	0.085179
0.15747	1.0481	0.056781
0.15771	0.94584	0.020981
0.15796	0.81503	-0.015041
0.1582	0.64482	-0.045325
0.15845	0.45844	-0.065142
0.15869	0.24913	-0.070961
0.15894	0.028901	-0.061068
0.15918	-0.17842	-0.038023
0.15942	-0.37316	-0.005715
0.15967	-0.53027	0.031298
0.15991	-0.67488	0.065283
0.16016	-0.78954	0.091172
0.1604	-0.83747	0.1053
0.16064	-0.86373	0.10325
0.16089	-0.83874	0.087046
0.16113	-0.7872	0.060751
0.16138	-0.70236	0.025232
0.16162	-0.56834	-0.0087599
0.16187	-0.41925	-0.037489
0.16211	-0.25193	-0.057973
0.16235	-0.090021	-0.061839
0.1626	0.091354	-0.054261
0.16284	0.27329	-0.034739
0.16309	0.41403	-0.004825
0.16333	0.55592	0.025483
0.16357	0.6407	0.055045
0.16382	0.71683	0.077227
0.16406	0.76885	0.085654
0.16431	0.75277	0.084922
0.16455	0.72708	0.070622
0.16479	0.66064	0.048391
0.16504	0.58823	0.022568
0.16528	0.49224	-0.0054559
0.16553	0.36106	-0.027075
0.16577	0.25222	-0.040407
0.16602	0.11813	-0.044075
0.16626	0.029235	-0.036449
0.1665	-0.082025	-0.021669
0.16675	-0.19341	-0.0014791
0.16699	-0.24651	0.019706
0.16724	-0.30712	0.038265
0.16748	-0.32622	0.051837
0.16772	-0.34866	0.057682
0.16797	-0.35612	0.056576
0.16821	-0.30794	0.047252
0.16846	-0.26903	0.032785
0.1687	-0.19036	0.017817
0.16895	-0.15338	0.0012587
0.16919	-0.068781	-0.0085777
0.16943	0.03146	-0.016776
0.16968	0.08781	-0.0189
0.16992	0.17616	-0.014622
0.17017	0.21339	-0.0075394
0.17041	0.27493	0.0031569
0.17065	0.33924	0.014562
0.1709	0.34502	0.021274
0.17114	0.36983	0.02922
0.17139	0.35793	0.031138
0.17163	0.38638	0.031813
0.17188	0.35991	0.025991
0.17212	0.32156	0.026575
0.17236	0.30805	0.017287
0.17261	0.25394	0.018677
0.17285	0.25622	0.008403
0.1731	0.20354	0.014097
0.17334	0.141	0.0064664
0.17358	0.13934	0.017815
0.17383	0.10225	0.006148
0.17407	0.098746	0.018259
0.17432	0.0476	0.0082244
0.17456	0.039853	0.022758
0.1748	0.039114	0.012803
0.17505	0.032165	0.027031
0.17529	0.050951	0.015336
0.17554	0.0061653	0.030939
0.17578	0.041796	0.021668
0.17603	0.073448	0.038105
0.17627	0.055049	0.027083
0.17651	0.085167	0.039264
0.17676	0.069731	0.024192
0.177	0.10918	0.035378
0.17725	0.11589	0.019212
0.17749	0.10854	0.028475
0.17773	0.10194	0.0084432
0.17798	0.094162	0.01777
0.17822	0.13382	-0.0014136
0.17847	0.089828	0.013319
0.17871	0.077131	0.00024335
0.17896	0.091242	0.018305
0.1792	0.062971	0.0080561
0.17944	0.092367	0.02886
0.17969	0.048078	0.016881
0.17993	0.043877	0.038722
0.18018	0.055287	0.022446
0.18042	0.052822	0.038711
0.18066	0.043485	0.016257
0.18091	0.010966	0.026369
0.18115	0.048	-0.00026913
0.1814	0.03992	0.012149
0.18164	0.034131	-0.012792
0.18188	0.048363	0.0033102
0.18213	0.01454	-0.019884
0.18237	0.068893	0.0028945
0.18262	0.06078	-0.015965
0.18286	0.043672	0.013571
0.18311	0.053932	-0.0052581
0.18335	0.055326	0.020959
0.18359	0.071465	-0.0035396
0.18384	0.044802	0.020862
0.18408	0.050132	-0.010649
0.18433	0.040393	0.011804
0.18457	0.033272	-0.024753
0.18481	0.045364	-0.0029362
0.18506	-0.015441	-0.038455
0.1853	0.0027459	-0.0084651
0.18555	-0.006325	-0.042912
0.18579	-0.039071	-0.0066536
0.18604	-0.045876	-0.039524
0.18628	-0.078154	0.00027722
0.18652	-0.062645	-0.034348
0.18677	-0.066916	0.0070269
0.18701	-0.069984	-0.036763
0.18726	-0.072825	0.0026107
0.1875	-0.074022	-0.046887
0.18774	-0.035836	-0.0079537
0.18799	-0.061246	-0.060141
0.18823	-0.051538	-0.013771
0.18848	-0.044041	-0.068014
0.18872	-0.059098	-0.015462
0.18896	-0.042527	-0.068521
0.18921	-0.060986	-0.0083241
0.18945	-0.055512	-0.061294
0.1897	-0.048362	0.0051217
0.18994	-0.054914	-0.057395
0.19019	-0.059581	0.0067865
0.19043	-0.069177	-0.061255
0.19067	-0.044289	0.0057938
0.19092	-0.064479	-0.069089
0.19116	-0.065788	0.0026407
0.19141	-0.057506	-0.082211
0.19165	-0.070719	-0.0060243
0.19189	-0.051334	-0.088128
0.19214	-0.0674	-0.0011863
0.19238	-0.071611	-0.083863
0.19263	-0.055914	0.010958
0.19287	-0.062596	-0.080131
0.19312	-0.064986	0.017851
0.19336	-0.073611	-0.07702
0.1936	-0.054138	0.027289
0.19385	-0.057174	-0.07502
0.19409	-0.062717	0.029831
0.19434	-0.059103	-0.083833
0.19458	-0.063472	0.022042
0.19482	-0.040341	-0.092155
0.19507	-0.051266	0.026326
0.19531	-0.063546	-0.090493
0.19556	-0.049474	0.032164
0.1958	-0.047589	-0.095672
0.19604	-0.0455	0.035811
0.19629	-0.063026	-0.090773
0.19653	-0.056457	0.052601
0.19678	-0.048552	-0.080337
0.19702	-0.053864	0.059314
0.19727	-0.058068	-0.085757
0.19751	-0.07176	0.05927
0.19775	-0.048425	-0.090044
0.198	-0.043739	0.066162
0.19824	-0.059957	-0.089535
0.19849	-0.055096	0.063827
0.19873	-0.048082	-0.098257
0.19897	-0.029119	0.062244
0.19922	-0.042157	-0.093527
0.19946	-0.04993	0.078576
0.19971	-0.043414	-0.08286
0.19995	-0.038315	0.081613
0.2002	-0.034499	-0.089243
0.20044	-0.062598	0.078915
0.20068	-0.056347	-0.087059
0.20093	-0.040437	0.087289
0.20117	-0.047492	-0.086029
0.20142	-0.046979	0.077612
0.20166	-0.05465	-0.10125
0.2019	-0.029199	0.071853
0.20215	-0.01951	-0.095495
0.20239	-0.027108	0.083368
0.20264	-0.02707	-0.090291
0.20288	-0.027488	0.075744
0.20312	-0.0092296	-0.099848
0.20337	-0.029914	0.074527
0.20361	-0.047004	-0.091371
0.20386	-0.043832	0.081988
0.2041	-0.050289	-0.091957
0.20435	-0.045594	0.067933
0.20459	-0.066026	-0.10486
0.20483	-0.060037	0.06311
0.20508	-0.04213	-0.09655
0.20532	-0.040406	0.068194
0.20557	-0.032497	-0.099687
0.20581	-0.039093	0.052591
0.20605	-0.017998	-0.11141
0.2063	-0.012973	0.049637
0.20654	-0.027448	-0.099782
0.20679	-0.026616	0.052873
0.20703	-0.038379	-0.10588
0.20728	-0.028862	0.035845
0.20752	-0.04434	-0.11674
0.20776	-0.057087	0.034862
0.20801	-0.047925	-0.10489
0.20825	-0.048188	0.034981
0.2085	-0.037476	-0.11387
0.20874	-0.043756	0.016717
0.20898	-0.033852	-0.12097
0.20923	-0.016574	0.017841
0.20947	-0.018895	-0.10836
0.20972	-0.012842	0.016869
0.20996	-0.025534	-0.11975
0.21021	-0.019683	-0.00034216
0.21045	-0.019516	-0.1231
0.21069	-0.042215	0.0021316
0.21094	-0.044188	-0.11167
0.21118	-0.05422	-0.0014104
0.21143	-0.054908	-0.124
0.21167	-0.052712	-0.015301
0.21191	-0.058657	-0.12104
0.21216	-0.044387	-0.0095914
0.2124	-0.034627	-0.10855
0.21265	-0.022831	-0.013255
0.21289	-0.01891	-0.12188
0.21313	-0.01332	-0.02462
0.21338	-0.0081851	-0.11716
0.21362	-0.018352	-0.018295
0.21387	-0.028318	-0.10601
0.21411	-0.044408	-0.023346
0.21436	-0.056521	-0.11593
0.2146	-0.066347	-0.029189
0.21484	-0.076736	-0.10588
0.21509	-0.07155	-0.017767
0.21533	-0.060284	-0.094801
0.21558	-0.042308	-0.023475
0.21582	-0.022236	-0.10359
0.21606	-0.0016516	-0.027398
0.21631	0.022136	-0.091688
0.21655	0.030996	-0.015371
0.2168	0.026535	-0.085922
0.21704	0.010461	-0.022586
0.21729	-0.013031	-0.089978
0.21753	-0.039993	-0.022663
0.21777	-0.074844	-0.074829
0.21802	-0.10377	-0.0099717
0.21826	-0.11715	-0.071347
0.21851	-0.11404	-0.013519
0.21875	-0.095384	-0.073243
0.21899	-0.06609	-0.011187
0.21924	-0.024446	-0.05644
0.21948	0.021786	0.00091241
0.21973	0.05848	-0.052811
0.21997	0.081383	-0.00236
0.22021	0.082536	-0.052626
0.22046	0.066144	0.0036314
0.2207	0.032435	-0.035028
0.22095	-0.01756	0.013681
0.22119	-0.065683	-0.034143
0.22144	-0.10895	0.010828
0.22168	-0.13446	-0.035944
0.22192	-0.13603	0.021763
0.22217	-0.11318	-0.023297
0.22241	-0.064552	0.029203
0.22266	-0.003941	-0.021904
0.2229	0.058444	0.022544
0.22314	0.11564	-0.019272
0.22339	0.1542	0.032184
0.22363	0.1673	-0.0097662
0.22388	0.14563	0.036146
0.22412	0.09757	-0.01164
0.22437	0.033671	0.029931
0.22461	-0.0354	-0.008759
0.22485	-0.098148	0.041537
0.2251	-0.14476	-0.0052752
0.22534	-0.15908	0.047954
0.22559	-0.14005	-0.0086035
0.22583	-0.092319	0.042979
0.22607	-0.024525	-0.002318
0.22632	0.051702	0.047988
0.22656	0.12724	0.0036591
0.22681	0.18245	0.049828
0.22705	0.20689	-0.001373
0.22729	0.19473	0.045751
0.22754	0.15288	0.0013468
0.22778	0.09014	0.05238
0.22803	0.015219	0.0011064
0.22827	-0.057758	0.050122
0.22852	-0.11639	-0.0074445
0.22876	-0.14673	0.04786
0.229	-0.14168	-0.0097024
0.22925	-0.10256	0.049109
0.22949	-0.038984	-0.011956
0.22974	0.035963	0.039762
0.22998	0.10913	-0.013472
0.23022	0.1675	0.030429
0.23047	0.20589	-0.018452
0.23071	0.2094	0.033501
0.23096	0.1799	-0.026209
0.2312	0.12202	0.029703
0.23145	0.050122	-0.031853
0.23169	-0.021896	0.024208
0.23193	-0.083834	-0.030978
0.23218	-0.12174	0.026574
0.23242	-0.13361	-0.036083
0.23267	-0.11128	0.023106
0.23291	-0.067269	-0.033447
0.23315	-0.0083598	0.019225
0.2334	0.057684	-0.029037
0.23364	0.11478	0.014237
0.23389	0.1557	-0.033081
0.23413	0.16685	0.019759
0.23438	0.15096	-0.036442
0.23462	0.10768	0.017579
0.23486	0.054898	-0.043582
0.23511	-0.00032126	0.0095442
0.23535	-0.057339	-0.039355
0.2356	-0.095694	-0.0037599
0.23584	-0.11932	-0.046134
0.23608	-0.11114	-0.01493
0.23633	-0.079697	-0.053473
0.23657	-0.034405	-0.020143
0.23682	0.014531	-0.057476
0.23706	0.057319	-0.029573
0.2373	0.094874	-0.062268
0.23755	0.10692	-0.026139
0.23779	0.10499	-0.079232
0.23804	0.081357	-0.022669
0.23828	0.041312	-0.077938
0.23853	-3.965e-05	-0.034665
0.23877	-0.047099	-0.060108
0.23901	-0.080338	-0.05103
0.23926	-0.10052	-0.050797
